col.0: MtotZAMS/Msun  col.1:num mergers
430669009.9262963 92
col.0:ID col.1:m1ZAMS/Msun col.2:m2ZAMS/Msun col.3:m1rem/Msun col.4:m2rem/Msun col.5:m1rem+m2rem/Msun col.6:delay_time/Myr col.7:sma/Rsun col.8:ecc col.9:kick/kms col.10:kick/kms col.11:cmu1 col.12:cmu2 col.13:v1x/kms col.14:v1y/kms col.15:v1z/kms col.16:v2x/kms col.17:v2y/kms col.18:v2z/kms col.19:time_SN1/Myr col.20:time_SN2/Myr col.21:CE
0_101345 42.2496 39.615 7.2621 5.5471 12.8092 151.591 5.1921 0.33898 15.1737 47.4185 1.0 0.9989 122.9 -44.62 -0.8775 136.2 -3.389 20.24 5.397 5.974 True
0_188014 61.3285 29.8687 10.0998 4.045 14.1448 2229.1902 169.96 0.98451 13.3935 106.5946 0.9663 0.4921 2.738 -1.101 2.42 47.1 -9.716 -2.973 4.533 7.054 True
0_478258 37.1064 36.7282 14.0719 3.1705 17.2424 776.9595 779.8 0.9983 0.0 52.6247 1.0 0.9811 0.4864 0.0 -0.0 18.28 2.697 -0.07089 5.686 5.982 True
0_796945 42.5277 40.4581 7.3516 5.5769 12.9285 404.8567 6.7729 0.34984 25.7125 31.7497 0.9998 0.9994 168.5 13.09 -7.324 120.4 3.102 13.04 5.373 5.95 True
0_1265266 89.0929 88.4299 10.3996 10.1524 20.552 4594.4067 1532.8 0.99783 22.6147 23.5338 0.993 0.1745 -2.595 -5.697 5.07 12.88 -0.6438 0.811 4.07 4.08 True
0_1510237 54.0881 42.3257 4.3551 3.8007 8.1558 1329.9698 8.6517 0.60736 66.7426 60.9701 1.0 0.9997 249.2 8.833 2.124 155.5 -25.78 10.14 4.833 5.492 True
0_1571926 38.5808 38.5645 3.208 3.1959 6.4039 2711.2385 57.981 0.96808 68.6648 94.3577 0.9991 0.9318 53.98 19.75 -3.089 68.13 26.27 3.62 5.815 5.817 True
0_2150861 65.667 56.1115 10.7637 8.3707 19.1344 68.9476 5.2538 0.16726 1.7408 16.9889 1.0 1.0 108.4 1.755 0.1083 81.72 7.099 2.045 4.398 4.895 True
0_2278721 110.0671 68.8125 9.9923 7.6266 17.6189 94.0494 5.3826 0.17428 8.7419 26.213 1.0 0.9997 124.5 1.629 1.998 95.69 -3.149 9.728 3.881 4.395 True
0_3097889 51.9534 44.3285 6.7939 6.5108 13.3047 98.9323 4.5767 0.25624 36.0816 16.5799 0.9997 1.0 152.9 30.01 -6.181 122.4 -2.867 0.3331 4.855 5.395 True
0_3383974 94.4708 47.8476 22.6996 10.9034 33.603 272.9727 6930.1 0.99984 0.0 22.9666 1.0 -0.3199 0.1618 0.06175 -0.0 8.363 0.1463 0.08883 3.953 4.943 False
0_3537773 48.9932 39.1651 3.6645 3.2773 6.9418 12708.8535 24.139 0.82415 63.5809 87.1475 0.9999 0.9948 251.3 3.724 -5.246 128.9 71.12 -33.45 5.065 5.757 True
0_3630161 32.0672 16.3789 7.707 3.3311 11.0381 1213.8441 306.63 0.99534 30.1573 108.6896 0.9749 -0.2157 7.451 -6.078 1.819 59.06 21.38 -1.325 6.483 11.48 True
0_3909095 43.8975 34.1663 9.4256 4.4307 13.8563 3127.8625 170.52 0.98255 17.6347 113.7467 0.9208 -0.5685 2.7 2.118 -2.583 52.54 -7.929 3.195 5.279 6.539 True
1_409980 68.949 19.8585 17.0542 5.8623 22.916500000000003 7367.3535 2016.2 0.99811 0.0 45.2849 1.0 0.9996 0.4876 0.005616 -0.0 15.62 3.659 0.01266 4.328 9.003 False
1_749184 54.2809 42.429 4.3057 3.8205 8.1262 2016.8927 9.5587 0.60611 86.538 70.4802 0.999 0.9998 233.0 14.52 -13.68 178.0 -47.05 7.091 4.824 5.482 True
1_967599 50.9997 43.1331 6.2389 6.1367 12.3756 221.0717 6.0183 0.42813 26.222 61.342 1.0 0.999 183.1 -76.43 0.8807 102.2 -12.15 -22.37 4.901 5.457 True
1_1003462 97.8416 63.9432 9.0084 6.9661 15.974499999999999 150.1066 5.5689 0.12243 14.7205 51.8021 1.0 0.9999 130.6 2.926 -3.132 113.4 -11.37 5.705 3.98 4.512 True
1_1119295 57.9599 55.2291 7.65 6.4454 14.095400000000001 400.0688 322.62 0.99615 47.1988 42.0031 0.9931 0.883 25.71 -6.532 2.1 24.14 -0.6496 1.001 4.659 4.778 True
1_1402927 66.0789 57.1627 10.6768 8.5889 19.265700000000002 54.0307 4.965 0.17802 4.5878 39.1622 1.0 0.9996 122.4 -1.288 1.138 78.2 12.1 12.44 4.385 4.878 True
1_1653735 73.5881 27.7803 18.2297 6.7502 24.9799 7.2439 4884.6 0.99998 0.0 37.4446 1.0 -0.9741 0.2445 -0.004366 0.0 9.837 7.45 0.00832 4.232 6.978 False
1_1845069 39.385 31.4868 8.9804 4.082 13.0624 983.4086 370.1 0.99593 8.8185 78.7143 0.9946 -0.3641 3.778 -0.8734 -0.8937 35.42 9.123 -1.215 5.628 6.904 True
1_1974673 131.9332 42.5381 14.3257 4.7787 19.1044 2218.343 591.01 0.99562 0.0 76.0048 1.0 -0.5375 0.5895 0.0 0.0 26.51 8.144 0.9043 3.769 5.432 True
1_2153083 45.9954 44.1103 5.8007 4.704 10.5047 5782.8037 11.052 0.30874 27.1694 82.5027 0.9996 0.9883 104.3 4.207 8.134 87.43 2.613 29.08 5.199 5.334 True
1_2565882 55.454 48.4807 9.688 7.0839 16.771900000000002 8734.7402 293.54 0.98414 9.1357 73.754 0.9978 0.8927 8.604 0.3318 2.587 39.67 2.115 1.781 4.717 5.108 True
1_2573124 48.9726 23.2099 5.7144 4.3289 10.0433 1057.0345 111.94 0.98485 20.4029 133.9644 0.9977 -0.864 5.222 1.425 0.8014 75.51 17.33 -2.716 5.043 8.343 True
1_2622778 54.0973 25.2561 6.5414 4.3829 10.9243 578.2432 122.91 0.98848 62.0589 125.0086 0.804 -0.4714 6.524 -5.194 5.835 67.57 14.87 -3.791 4.81 7.924 True
1_2707753 62.025 46.8745 5.2183 4.4838 9.7021 1169.0049 8.4259 0.52037 60.4992 59.5558 0.9996 0.9996 207.1 -12.74 -8.89 153.9 -21.81 10.71 4.565 5.186 True
1_2775133 47.5887 46.7298 4.9743 4.5418 9.516100000000002 2236.054 166.6 0.98823 59.0234 88.6861 0.9757 -0.548 32.85 -9.838 -3.971 38.88 -37.53 -3.323 5.132 5.193 True
1_2836961 34.3643 21.9883 3.0978 3.7908 6.8886 513.4819 58.893 0.98127 37.2491 126.981 0.94 0.9634 6.414 -2.12 1.42 93.07 -14.34 2.207 6.239 9.356 True
1_2897794 42.6876 39.6919 6.9973 4.5627 11.56 11705.4463 361.11 0.99027 27.6291 71.1658 1.0 -0.4111 15.71 -9.086 0.1337 37.22 -6.658 -2.44 5.379 5.661 True
1_3040774 50.1024 42.6844 5.8512 4.6436 10.494800000000001 8.5341 2.208 0.58718 15.2449 51.1461 0.9999 0.9998 183.2 67.59 -2.855 335.3 -4.059 15.4 4.939 5.496 True
1_3230026 47.1205 41.2352 6.4284 5.6045 12.0329 628.0198 7.6854 0.43048 23.9296 50.1087 1.0 0.9994 188.8 -9.381 2.214 104.9 -15.35 14.02 5.089 5.664 True
1_3716713 31.0991 22.6573 5.7531 3.0645 8.817599999999999 6476.6489 1434.0 0.99877 56.7346 96.8595 0.3991 -0.468 9.761 2.687 5.845 38.71 23.72 1.299 6.639 9.518 True
1_3831155 26.3923 20.0513 6.7131 5.8669 12.58 2027.9794 1248.2 0.99871 37.0576 37.605 0.8539 0.1493 8.432 -5.434 -4.094 22.82 -3.29 -0.5259 7.611 9.842 False
2_167203 33.6792 28.4615 7.106 3.123 10.229 20.9789 130.06 0.99707 28.5956 122.4566 0.5683 0.0649 5.111 1.539 -3.76 58.34 15.02 1.659 6.251 7.34 True
2_718185 35.0243 34.6577 7.7954 6.8989 14.6943 6770.9917 883.35 0.99646 30.4061 49.3247 0.8998 -0.8554 13.25 -6.616 6.355 27.61 -1.707 0.8347 6.079 6.123 True
2_889533 92.2178 61.5389 8.5134 6.63 15.1434 238.4799 6.0101 0.11198 16.7895 62.1962 0.9999 0.9991 130.2 2.137 -3.946 115.0 -7.056 -13.79 4.037 4.579 True
2_984862 71.178 51.9736 6.025 5.25 11.275 293.1892 6.172 0.45295 47.9062 27.9389 0.9994 1.0 217.1 2.603 -11.65 127.6 6.913 1.151 4.337 4.925 True
2_1009944 54.7307 42.6557 4.4535 3.8526 8.3061 5764.0298 18.087 0.76437 38.8708 78.1809 0.9999 0.9997 233.1 1.05 4.96 103.6 -3.036 9.318 4.809 5.465 True
2_1218054 77.4469 67.1785 13.1121 10.395 23.5071 97.9668 6.6827 0.13527 0.0 17.9567 1.0 1.0 95.1 -7.238 -0.0 40.66 -4.811 -0.1945 4.168 4.628 True
2_1328733 47.4176 45.1475 6.0145 4.7349 10.7494 5.3028 502.38 0.99998 19.5945 53.9648 0.984 -0.8701 11.32 -1.754 6.824 27.16 -14.81 -0.04519 5.111 5.282 True
2_1853403 33.1739 29.4157 6.7449 3.5693 10.3142 1212.3726 295.08 0.9953 24.1575 109.9049 0.8211 0.8665 6.931 1.493 1.983 47.64 -24.02 1.181 6.321 6.875 True
2_2538337 58.7605 55.2609 10.8591 8.2359 19.095 2078.7148 2367.7 0.99913 16.3537 29.9999 0.998 0.8512 -2.687 3.792 2.353 14.25 3.705 0.2932 4.599 4.73 True
2_2586715 44.9837 29.8954 8.8531 3.054 11.9071 1525.0508 164.36 0.98832 27.2617 109.0764 0.9545 0.8055 4.138 4.251 -1.597 46.92 12.4 -1.602 5.212 6.692 True
2_2730487 46.5296 37.7989 4.0707 3.2502 7.3209 8894.46 26.919 0.85825 56.3815 97.4045 0.9996 0.9974 248.3 8.284 -9.371 143.4 55.39 26.3 5.171 5.865 True
2_2773564 61.8762 58.837 8.173 6.8352 15.0082 272.928 669.32 0.99854 40.2782 54.6779 0.9044 -0.7083 8.957 -2.385 -16.17 28.82 -7.325 0.7017 4.542 4.651 True
2_2907194 96.5492 25.659 17.036 7.5499 24.585900000000002 3878.6951 1800.5 0.99812 0.0 49.5551 1.0 0.0534 0.4666 0.0005551 0.0 17.04 7.434 0.595 3.959 7.345 False
2_3118033 32.6856 29.2159 7.0313 3.2081 10.2394 10522.833 162.4 0.97883 38.5945 109.1603 0.762 0.892 7.517 -4.014 3.963 51.6 -17.83 -2.044 6.39 7.052 True
2_3149412 51.464 43.4836 6.3176 6.2096 12.5272 58.2092 3.9061 0.31083 7.2829 68.472 1.0 0.9997 145.8 -43.96 -1.424 137.3 -30.91 -13.29 4.877 5.431 True
2_3388429 43.297 26.6091 6.9136 4.5285 11.4421 15.2226 379.03 0.99938 29.5441 96.0284 0.9465 0.0549 4.845 -3.084 2.437 44.24 22.0 -0.8132 5.342 8.182 True
2_3807492 45.2639 32.4756 10.1017 8.1097 18.211399999999998 1804.7887 3563.6 0.99952 13.591 27.2471 0.9787 0.0818 2.91 -1.028 2.091 13.8 3.385 0.2473 5.195 6.935 False
2_3870857 72.0715 30.7563 12.7154 4.6335 17.3489 1907.4174 205.62 0.98623 6.6255 104.569 0.9997 0.3414 1.936 -1.254 0.4639 42.09 7.899 2.796 4.279 6.961 True
3_451527 57.8829 44.5857 4.7419 4.1397 8.8816 336.7497 4.7676 0.30905 57.0776 61.5481 0.9999 0.9999 244.4 1.638 4.014 185.9 3.817 5.313 4.69 5.329 True
3_973867 46.5651 28.924 9.4065 7.687 17.0935 3137.6074 3665.7 0.99943 17.3036 26.6128 0.9919 -0.9866 2.832 -3.216 1.063 13.2 4.443 -0.04576 5.126 7.192 False
3_1009404 38.551 31.4343 7.3603 3.3265 10.6868 319.1209 120.7 0.99055 34.0679 115.2783 0.9287 -0.3197 3.975 -6.781 -1.434 58.4 4.974 2.68 5.71 6.518 True
3_1500987 55.5412 43.1589 4.5049 3.9244 8.4293 5213.3511 19.259 0.78816 40.0479 108.8835 0.9997 0.9998 234.4 1.963 7.397 105.6 36.75 -8.505 4.778 5.429 True
3_1576358 65.2163 31.1492 12.1176 3.9656 16.083199999999998 5978.2061 196.5 0.97991 9.2208 100.5246 1.0 0.7215 2.502 -1.57 0.08549 40.44 8.262 -2.304 4.42 6.797 True
3_1624436 71.7691 60.9136 12.2988 9.2055 21.5043 61.2693 5.5128 0.14309 0.0 17.2183 1.0 0.9999 102.2 1.01 -0.0 66.18 2.547 -6.774 4.265 4.746 True
3_1707019 51.3622 28.6771 6.7292 4.4453 11.174499999999998 9341.4746 214.63 0.98371 35.7954 102.9362 0.9173 0.4242 6.129 -0.5415 -4.798 51.58 -20.1 -4.097 4.915 7.474 True
3_1749924 33.7223 31.5013 6.8442 4.559 11.4032 4897.064 469.21 0.99473 40.7686 43.4419 0.0992 0.8412 8.469 -7.847 1.48 25.15 0.3513 0.7575 6.246 6.553 True
3_1789897 44.4215 41.7483 7.4843 5.9892 13.473500000000001 81.7139 4.8238 0.40461 27.7957 46.2631 1.0 0.9999 111.5 -22.4 0.2984 122.4 8.22 -6.143 5.243 5.805 True
3_2081133 30.1124 29.5262 5.531 4.398 9.928999999999998 1670.506 325.38 0.99519 34.0201 109.1129 0.91 -0.8167 19.71 1.732 -7.601 47.78 -38.56 -1.303 6.809 6.912 True
3_2235623 60.1182 39.3303 13.2344 7.7508 20.9852 5.6857 4248.8 1.0 5.041 22.6027 0.9953 -0.9007 1.525 -0.4053 0.9045 10.38 0.1634 -0.007485 4.555 5.586 False
3_2362690 38.1789 35.1607 7.7948 4.5122 12.307 9027.8174 727.74 0.9959 14.3723 41.6898 0.9991 1.0 2.539 -0.3984 -1.744 22.08 8.86 -0.004631 5.742 6.057 True
3_2602194 107.3138 67.8252 9.7002 7.5017 17.201900000000002 87.3896 5.2628 0.214 6.722 41.8886 1.0 0.9997 134.8 -0.7992 0.2901 95.53 14.41 11.23 3.899 4.417 True
3_2691482 144.0538 79.4128 12.0524 9.0391 21.0915 82.8156 5.8354 0.090015 0.0 26.4584 1.0 0.9999 94.28 0.0 -0.0 74.95 -4.583 4.726 3.715 4.199 True
3_2708111 57.8243 29.6776 9.2911 3.8176 13.1087 54.4811 157.01 0.99575 14.5858 116.7764 0.9841 -0.479 3.384 2.656 1.787 51.88 -10.6 1.612 4.641 7.057 True
3_3109237 67.5075 56.1785 12.1832 8.6361 20.8193 23.7792 4.0776 0.1344 0.0 16.5211 1.0 1.0 115.2 23.37 -0.0 91.13 -3.819 4.419 4.349 4.837 True
3_3162406 44.3025 44.1023 4.1899 4.0849 8.274799999999999 186.0803 94.721 0.99115 32.2111 119.5843 0.9979 -0.9945 38.12 -8.305 -5.248 77.05 0.05461 -0.6086 5.348 5.365 True
3_3199427 55.0411 30.2906 9.1529 3.5557 12.7086 11.3239 149.87 0.99799 13.4261 102.1609 0.9972 0.9996 4.135 -1.797 -0.6397 48.27 3.778 0.03343 4.737 6.859 True
3_3463133 38.1603 35.3004 8.1743 4.6196 12.7939 28.3522 496.41 0.99918 20.861 81.9161 0.9969 -0.3434 5.636 7.805 -3.128 40.61 5.861 0.718 5.742 6.06 True
3_3508819 42.2098 39.3809 7.1592 4.2423 11.4015 8.2809 1.7218 0.38366 29.8947 87.6664 0.9999 0.9993 128.4 -19.97 -2.994 379.6 2.214 -23.3 5.395 5.973 True
3_3574969 39.6827 31.7246 7.5602 3.1592 10.7194 25.5875 150.06 0.99705 35.4525 118.2281 -0.9461 0.9757 7.39 2.596 0.7437 53.8 16.52 0.3562 5.608 6.494 True
3_3658431 52.8767 44.7302 7.048 6.5768 13.6248 45.5872 3.8089 0.27564 19.5267 33.714 1.0 1.0 189.0 -65.25 -0.9162 130.4 -15.56 3.602 4.81 5.349 True
3_3689628 42.3675 41.8652 4.0464 3.8041 7.8505 2309.6108 77.298 0.9745 81.4962 79.1596 0.9734 0.9687 48.19 3.072 -24.84 56.82 -16.79 2.456 5.478 5.524 True
4_114224 40.2089 39.896 3.6605 3.4789 7.1394 13998.6758 44.535 0.91498 148.8288 101.258 0.9608 0.2717 73.39 -31.19 33.52 66.35 0.3393 -18.02 5.657 5.691 True
4_333015 52.4365 44.4817 7.1066 6.5545 13.661100000000001 445.9279 7.7486 0.42885 22.9139 48.2519 1.0 0.9999 183.6 44.04 3.087 79.21 -3.463 6.143 4.838 5.377 True
4_826095 89.925 60.7745 8.1129 6.5128 14.6257 207.9459 5.9948 0.2715 17.1098 24.2059 1.0 1.0 154.4 -4.433 1.988 106.1 -10.76 0.4705 4.058 4.603 True
4_911547 61.1043 50.7255 9.5226 7.5336 17.0562 23.3648 3.5848 0.2119 5.9101 18.4529 1.0 0.9999 125.7 52.82 0.4556 114.4 4.302 6.92 4.519 5.036 True
4_1071249 40.9359 27.7238 5.317 4.6144 9.9314 4235.2266 112.75 0.97533 70.8823 114.4563 0.5065 0.9375 7.388 5.513 -4.577 67.56 22.87 -2.685 5.534 8.086 True
4_1431955 48.6613 41.3412 6.0305 5.791 11.8215 242.8682 5.6366 0.3616 29.2531 13.4916 1.0 0.9999 246.2 -65.7 -3.513 120.9 -1.106 6.351 5.017 5.585 True
4_1778622 31.4886 19.9193 6.5159 3.1339 9.6498 9.7988 695.34 0.99996 43.1858 67.2215 -0.9888 -0.997 11.43 -3.89 0.434 39.64 -5.843 0.008687 6.575 9.698 True
4_1914434 47.4537 41.0465 6.4257 5.7109 12.1366 326.6397 5.9701 0.30644 36.1664 50.1168 0.9996 0.9992 121.1 33.23 -6.537 124.4 -16.06 -15.76 5.078 5.649 True
4_1957805 54.1691 45.5285 7.1135 6.5723 13.6858 82.3777 5.1691 0.45912 14.3459 82.3318 1.0 1.0 120.2 16.28 -1.025 93.45 20.98 2.515 4.758 5.302 True
4_2410146 89.0876 24.9069 16.5883 7.7091 24.2974 1389.5085 1546.4 0.99854 0.0 39.0097 1.0 0.8483 0.4559 -0.04443 0.0 15.78 1.417 -0.2489 4.035 7.481 False
4_2483104 52.2192 51.9337 5.3877 5.2696 10.6573 7091.0703 252.6 0.98811 80.3871 45.8748 0.7913 0.6502 32.65 -17.41 13.24 29.84 -4.074 2.94 4.914 4.929 True
4_2937646 76.2106 25.6292 18.4729 6.8157 25.2886 407.5867 2354.3 0.99952 0.0 34.5097 1.0 0.0256 0.3378 1.16e-05 0.0 12.62 0.2641 0.1896 4.19 7.458 False
4_3272119 108.5532 44.8634 25.9972 9.4615 35.4587 3976.9482 5344.0 0.99929 0.0 24.4168 1.0 -0.9625 0.2556 0.05293 0.0 7.786 -0.3207 0.04931 3.845 5.15 False
4_3563451 82.4188 22.6253 12.9027 4.3954 17.298099999999998 4296.6919 194.28 0.98045 7.4508 97.7582 0.9999 0.9988 2.216 -1.497 -0.3317 39.96 7.66 0.1717 4.122 7.861 True
4_3748073 40.065 38.3197 4.489 3.5441 8.0331 1362.7144 161.73 0.9915 82.5918 52.2373 0.6985 -0.3988 41.99 -4.394 -11.82 30.74 10.19 2.586 5.626 5.819 True
4_3947910 63.2326 42.8769 13.6293 4.2953 17.9246 7.027 225.38 0.99875 4.7388 99.9709 0.976 -0.8006 1.249 0.1098 -0.1971 38.76 -0.8882 0.4426 4.462 5.404 True
