col.0: MtotZAMS/Msun  col.1:num mergers
430608671.0933955 276
col.0:ID col.1:m1ZAMS/Msun col.2:m2ZAMS/Msun col.3:m1rem/Msun col.4:m2rem/Msun col.5:m1rem+m2rem/Msun col.6:delay_time/Myr col.7:sma/Rsun col.8:ecc col.9:kick/kms col.10:kick/kms col.11:cmu1 col.12:cmu2 col.13:v1x/kms col.14:v1y/kms col.15:v1z/kms col.16:v2x/kms col.17:v2y/kms col.18:v2z/kms col.19:time_SN1/Myr col.20:time_SN2/Myr col.21:CE
0_55563 99.9656 74.9932 26.8155 14.1574 40.9729 803.4144 16.685 0.010086 0.0 0.0 1.0 1.0 3.849 0.0 0.0 5.432 0.04279 0.0 3.893 4.223 True
0_71433 25.6706 25.5763 8.1401 4.799 12.9391 8088.1284 203.83 0.9813 31.4505 78.1586 0.6986 0.9841 14.44 -4.56 2.776 41.28 -29.74 0.7068 7.99 8.003 True
0_193034 84.6486 70.5671 19.9841 12.9439 32.928 2491.5405 19.112 0.05307 0.0 5.6296 1.0 1.0 4.308 0.0 0.0 10.07 0.8139 1.373 4.055 4.315 True
0_362093 38.1191 36.7541 4.9698 3.9093 8.879100000000001 4158.0229 14.003 0.67871 47.7807 171.4628 1.0 0.9489 83.47 -15.41 1.672 131.8 3.222 23.33 5.875 6.052 True
0_365805 33.9865 32.2683 4.7022 3.1804 7.8826 1695.9739 5.9756 0.084749 43.7391 59.8818 0.9994 0.9975 183.2 -3.389 12.18 134.8 27.0 15.58 6.346 6.637 True
0_411693 62.0667 56.5615 14.3102 9.3648 23.675 3910.28 16.885 0.11756 0.0 5.6231 1.0 1.0 5.609 0.0 -0.0 36.33 0.827 1.592 4.515 4.715 True
0_421194 77.7642 77.5714 13.5972 13.367 26.9642 8604.1133 22.805 0.058825 4.3169 2.5156 1.0 1.0 6.255 1.792 -1.008 6.911 0.7468 0.7114 4.197 4.201 True
0_479930 112.7397 112.2116 17.233 17.0435 34.2765 2724.8979 20.33 0.01124 0.0 0.0 1.0 1.0 4.183 0.0 0.0 4.116 -0.04243 -0.0 3.816 3.82 True
0_526383 130.9856 92.2962 28.5809 15.6307 44.2116 8741.7061 32.353 0.020043 0.0 0.0 1.0 1.0 2.723 0.0 -0.0 3.763 0.01488 -0.0 3.702 3.984 True
0_691497 95.7782 80.2718 20.0958 14.2646 34.3604 7095.2163 25.775 0.023522 0.0 0.0 1.0 1.0 3.628 0.0 0.0 4.318 0.04669 0.0 3.933 4.147 True
0_755611 33.99 31.8654 4.9571 3.0807 8.0378 3315.804 11.092 0.6327 35.9642 164.4429 0.9993 0.8411 101.6 1.63 9.87 114.6 2.81 36.58 6.337 6.699 True
0_810160 35.1977 34.9045 3.5463 3.3096 6.8559 2170.1682 38.952 0.94838 78.0998 210.6459 0.9909 -0.9861 62.69 -11.31 6.348 135.2 -6.782 3.067 6.242 6.289 True
0_954939 73.0671 71.9093 13.1247 12.2148 25.3395 4286.3696 18.348 0.10794 6.9226 6.9239 1.0 1.0 8.785 2.091 -1.758 14.44 -1.479 -1.963 4.28 4.307 True
0_956467 83.0322 72.1098 17.9953 12.6241 30.6194 7731.1963 24.151 0.020969 0.0 4.4415 1.0 1.0 3.98 0.0 -0.0 12.68 1.623 -0.3748 4.082 4.293 True
0_970756 69.7567 68.2553 12.9292 11.7666 24.6958 827.6138 11.868 0.088336 6.4852 7.5852 1.0 1.0 14.17 2.799 1.149 24.19 0.9245 2.781 4.344 4.382 True
0_1173138 113.7151 110.1526 17.8602 17.0244 34.8846 1319.4413 17.179 0.011439 0.0 0.0 1.0 1.0 4.509 0.0 -0.0 4.523 0.04657 0.0 3.806 3.833 True
0_1402062 84.4889 65.6595 24.494 12.3616 36.855599999999995 2596.6335 20.647 0.046197 0.0 9.7459 1.0 0.9999 3.707 0.0 0.0 14.5 1.099 3.11 4.057 4.418 True
0_1428457 56.6238 54.2708 10.2526 8.3446 18.5972 5394.3184 16.822 0.32366 18.4511 40.2394 0.9999 0.9996 37.55 -6.991 4.22 32.68 3.697 7.498 4.713 4.82 True
0_1450524 25.9862 19.7095 6.29 8.1991 14.4891 270.6074 3968.1 0.99985 53.9282 42.9611 0.4193 0.2834 9.032 -4.831 6.207 21.68 -15.4 -0.3029 7.899 10.92 False
0_1663826 84.4184 84.2695 14.6221 14.5264 29.1485 3697.1731 19.44 0.023086 0.0 0.0 1.0 1.0 4.654 0.0 0.0 4.594 -0.07714 0.0 4.093 4.095 True
0_1700392 56.382 56.2724 8.4377 8.3108 16.7485 9548.3652 16.873 0.18706 26.8711 35.7486 1.0 0.9996 57.43 2.196 0.5403 51.83 -11.55 -6.741 4.745 4.75 True
0_1739790 117.8964 94.3168 22.5556 15.6247 38.1803 10142.1396 30.531 0.017404 0.0 0.0 1.0 1.0 3.156 0.0 0.0 3.778 0.04213 0.0 3.767 3.967 True
0_1761441 142.1076 139.2179 18.6933 18.2396 36.932900000000004 12852.5244 31.907 0.016166 0.0 0.0 1.0 1.0 3.216 0.0 0.0 3.207 -0.04085 0.0 3.673 3.684 True
0_1792829 57.6728 57.5801 8.8173 8.6901 17.507399999999997 5373.6699 14.819 0.13437 15.7367 38.0615 1.0 0.9985 51.37 -3.784 0.1762 54.07 -8.19 14.07 4.697 4.701 True
0_1796925 33.6203 33.6071 3.1737 3.15 6.3237000000000005 941.3622 66.807 0.98206 117.0627 138.0567 0.999 0.6425 114.2 22.55 9.439 100.7 -46.35 -21.05 6.462 6.464 True
0_2022868 49.1144 47.2508 8.4026 7.0307 15.4333 867.3355 11.066 0.52043 30.0785 38.1194 0.9997 0.9996 74.48 4.979 -10.47 80.79 6.74 -10.81 5.049 5.163 True
0_2066554 54.8955 49.06 14.0798 8.2509 22.3307 12029.2891 22.97 0.29708 1.1295 33.677 1.0 1.0 5.51 0.285 0.2533 33.53 -4.343 -1.297 4.751 5.03 True
0_2139934 101.3019 93.5533 17.5678 15.4822 33.05 7785.9961 25.791 0.013766 0.0 0.0 1.0 1.0 3.786 0.0 -0.0 3.943 -0.04609 -0.0 3.895 3.979 True
0_2174867 90.638 68.9466 26.0469 13.2774 39.3243 1701.8834 19.484 0.015912 0.0 2.315 1.0 1.0 3.661 0.0 0.0 9.14 -0.6009 0.4048 3.984 4.339 True
0_2240022 29.6776 29.1478 5.5044 4.5086 10.013000000000002 2509.1589 552.46 0.99697 84.8604 77.6816 0.9296 -0.9832 24.88 -23.58 -19.68 43.39 -4.755 -0.5451 7.03 7.132 True
0_2252000 86.8139 78.7475 16.8172 14.0229 30.8401 9836.2832 25.989 0.030723 0.0 0.0 1.0 1.0 3.895 0.0 -0.0 4.265 0.01934 0.0 4.042 4.175 True
0_2291003 112.2696 111.91 17.179 17.0236 34.2026 2559.2869 19.986 0.018806 0.0 0.0 1.0 1.0 4.224 0.0 -0.0 4.184 0.05942 0.0 3.82 3.822 True
0_2336441 35.4901 34.8236 3.9195 3.5083 7.4278 1527.2306 12.932 0.79108 80.9674 158.918 0.9918 0.9717 102.6 12.61 -22.16 129.1 -20.39 -13.72 6.189 6.29 True
0_2346456 82.3713 80.1629 14.8144 14.1 28.9144 5045.8892 20.9 0.016937 0.0 0.0 1.0 1.0 4.511 -0.0 0.0 4.512 0.06498 0.0 4.117 4.156 True
0_2366705 91.1973 90.267 15.3081 15.0133 30.321399999999997 8813.6895 24.983 0.014507 0.0 0.0 1.0 1.0 4.024 -0.0 -0.0 3.965 -0.05105 -0.0 4.008 4.021 True
0_2389215 34.6825 31.0715 9.1849 3.2215 12.406400000000001 74.3989 140.93 0.99508 17.7314 96.5128 0.8891 -0.7625 4.473 -3.02 -0.04741 20.65 -26.54 1.315 6.223 6.811 True
0_2477936 52.529 48.8647 10.5748 7.2945 17.8693 7359.4336 18.48 0.39237 12.3038 23.7939 0.9999 1.0 31.77 1.127 -4.251 54.38 9.62 2.305 4.865 5.068 True
0_2554632 77.521 77.0929 13.579 13.2021 26.781100000000002 11317.416 24.274 0.023178 5.6113 5.3107 1.0 1.0 9.15 -0.2073 0.3698 9.68 2.187 0.1237 4.201 4.209 True
0_2586367 35.4802 31.9225 7.6206 3.6822 11.3028 5822.2622 11.688 0.35246 25.081 40.4706 0.9999 0.9998 72.48 2.266 -5.621 122.5 -31.24 -2.989 6.125 6.634 True
0_2604878 64.4604 62.9559 11.1781 10.0617 21.239800000000002 13389.8525 21.728 0.15154 14.3396 8.2406 0.9999 1.0 22.2 -5.406 3.682 24.98 -4.739 -2.106 4.475 4.523 True
0_2626352 51.7052 51.6374 7.7255 7.6069 15.3324 932.2509 8.6491 0.13954 18.8533 21.2122 0.9998 1.0 80.41 1.112 7.58 60.84 3.99 -1.235 4.94 4.943 True
0_2711298 96.9518 90.7616 17.0256 15.2918 32.3174 3629.4614 20.883 0.0082098 0.0 0.0 1.0 1.0 4.256 -0.0 0.0 4.372 0.03339 -0.0 3.936 4.009 True
0_2730313 116.2774 109.259 18.2595 16.6959 34.9554 9489.7725 28.309 0.0093226 0.0 0.0 1.0 1.0 3.511 0.0 0.0 3.587 -0.03069 -0.0 3.788 3.841 True
0_2940396 64.3657 58.0093 14.9455 9.8246 24.7701 7618.7388 20.692 0.11294 0.0 12.2395 1.0 0.9998 4.972 0.0 0.0 28.83 -0.4751 4.314 4.447 4.66 True
0_2962985 77.2033 75.032 14.4218 13.1838 27.6056 2213.2776 16.405 0.022522 0.0 2.6294 1.0 1.0 5.226 0.0 -0.0 9.452 -1.05 0.1025 4.197 4.243 True
0_3178203 47.6548 47.604 6.6429 6.5471 13.190000000000001 2263.2473 10.151 0.27025 27.5467 28.4281 1.0 1.0 86.94 3.041 1.957 60.45 -0.9426 2.005 5.158 5.161 True
0_3259689 80.4869 78.4025 15.0192 14.2887 29.3079 269.3217 10.104 0.027363 0.0 0.0 1.0 1.0 6.432 0.0 0.0 6.537 0.1008 -0.0 4.142 4.179 True
0_3423958 33.7605 33.7358 3.2935 3.2526 6.5461 923.5276 11.039 0.80792 70.4774 192.1146 0.9994 0.6826 153.3 -3.888 9.151 105.0 -70.78 41.34 6.438 6.442 True
0_3484826 47.719 46.2064 7.3365 6.4916 13.8281 11191.8857 15.681 0.25926 43.6511 8.1305 0.998 0.9999 71.97 -1.05 16.41 63.07 9.172 2.579 5.136 5.232 True
0_3606403 29.2555 27.9611 8.5665 4.0068 12.5733 1696.8398 97.726 0.97471 24.0641 120.8997 0.9675 0.569 8.017 4.515 0.7791 61.76 1.034 4.646 7.11 7.384 True
0_3754217 29.7199 21.8447 8.3818 3.7095 12.0913 11158.0537 213.71 0.98204 42.1828 94.2491 -0.7195 0.9738 11.7 5.246 -2.214 61.47 -0.9292 0.7401 7.017 9.232 True
0_3884368 36.2456 16.0879 10.0913 4.5189 14.6102 2079.6565 329.82 0.99297 34.2427 79.1804 0.6559 0.7408 6.345 -0.5603 8.324 40.61 -16.53 -1.222 6.03 11.45 True
1_2722 45.4412 38.0662 11.1238 10.2249 21.3487 7937.0044 10475.0 0.99971 23.1583 14.2682 0.9385 -0.786 2.463 4.158 -2.682 6.869 -2.903 -0.07732 5.231 5.74 False
1_16260 85.3974 79.1406 16.1887 14.1087 30.297400000000003 5629.1265 22.236 0.017838 0.0 0.0 1.0 1.0 4.261 0.0 -0.0 4.469 0.06321 0.0 4.064 4.168 True
1_24626 38.0462 36.9443 4.8021 4.0578 8.8599 8602.0566 11.481 0.39636 31.0501 130.0151 0.9994 0.9754 102.3 -5.628 -7.121 112.0 33.38 -25.5 5.888 6.025 True
1_75090 48.4844 44.0239 11.4857 7.5467 19.0324 262.2 7.4971 0.21975 17.939 6.7505 0.9999 1.0 41.93 -4.284 -6.492 85.76 6.479 0.7552 5.052 5.322 True
1_150942 22.9179 22.7626 6.9289 3.4338 10.3627 11.2642 374.99 0.99954 60.8626 129.1963 -0.2842 -0.7165 23.72 3.014 -8.612 70.5 -18.7 -0.7231 8.937 8.983 True
1_165565 71.9089 71.2769 12.719 12.1643 24.8833 2459.9851 15.925 0.15439 3.2411 15.4477 1.0 1.0 14.09 -0.2161 -1.488 11.36 -1.781 -3.077 4.304 4.319 True
1_181390 31.3587 23.2699 9.1437 4.4816 13.625300000000001 3317.5249 292.4 0.9908 14.0692 70.2166 0.9919 0.6027 5.026 -1.047 -0.3064 43.33 -5.59 1.74 6.717 8.632 True
1_182240 74.2427 70.2126 14.6245 12.0198 26.6443 3948.7715 18.541 0.083498 0.0 6.2609 1.0 1.0 5.046 0.0 -0.0 14.98 0.8675 -1.515 4.244 4.338 True
1_223333 85.1739 82.3058 15.1698 14.3011 29.4709 10236.0498 25.427 0.033354 0.0 0.0 1.0 1.0 4.054 0.0 -0.0 4.173 0.009193 0.0 4.077 4.123 True
1_329865 43.8144 40.1912 8.9134 5.2996 14.213 10593.8027 16.981 0.39443 21.893 22.186 1.0 0.9999 56.77 9.228 -0.4242 76.38 -7.199 -3.316 5.35 5.668 True
1_345120 36.0057 32.5726 7.3498 3.7519 11.101700000000001 12841.7393 15.198 0.43509 57.1783 79.892 0.9982 0.9994 88.84 4.907 -16.7 124.4 -17.78 -6.657 6.064 6.54 True
1_595526 37.8596 37.5918 4.2724 4.0678 8.3402 5596.2964 22.954 0.82997 103.822 62.7592 0.9997 0.9958 91.27 15.11 -6.036 48.76 31.77 3.664 5.929 5.965 True
1_627937 54.9684 54.5216 8.3795 8.0364 16.4159 9817.6562 18.246 0.35118 22.8538 25.2735 0.9994 0.9998 55.44 0.2161 -9.285 39.52 -12.09 -5.549 4.799 4.819 True
1_797314 62.5157 62.3947 10.9688 10.7519 21.7207 79.3261 5.976 0.13454 7.5712 16.6108 1.0 1.0 43.14 -1.058 3.102 48.09 -1.911 1.719 4.533 4.537 True
1_848456 57.1426 19.678 16.2473 9.13 25.377299999999998 13623.9717 3251.3 0.99846 0.0 57.9228 1.0 0.7105 0.48 0.002094 -0.0 18.23 -15.09 -0.5642 4.667 9.199 False
1_955722 66.0061 59.7202 15.3071 10.3148 25.6219 713.9366 11.826 0.1567 0.0 15.6139 1.0 1.0 6.51 -0.0 0.0 31.95 1.36 -0.2805 4.405 4.604 True
1_1039929 31.2858 29.1264 8.7031 3.588 12.2911 8941.291 110.54 0.96273 23.9374 141.9587 -0.0667 0.9984 7.551 -1.644 1.608 60.37 24.63 -0.4497 6.73 7.144 True
1_1070614 62.6041 62.5022 10.3536 10.1903 20.5439 1025.0123 10.91 0.085325 18.904 11.3234 0.9997 1.0 40.03 -0.6951 8.233 39.73 3.7 -0.8822 4.534 4.537 True
1_1087031 43.6376 29.8028 12.1908 9.6952 21.886 1975.113 2714.8 0.99918 14.3457 30.0678 0.9314 0.9998 1.282 -2.675 2.821 15.11 -2.349 -0.00675 5.351 6.708 False
1_1089192 48.9219 44.3288 11.2947 7.0597 18.354400000000002 4744.25 14.948 0.19518 13.662 25.3766 1.0 1.0 30.29 5.965 -0.2606 66.7 -13.37 -0.6832 5.029 5.317 True
1_1141283 67.1279 61.0336 15.7643 11.0234 26.7877 42.5944 5.7854 0.065328 0.0 13.5367 1.0 0.9999 8.666 0.0 -0.0 43.43 -2.301 -4.906 4.377 4.558 True
1_1257111 49.7157 49.0971 7.6375 7.2219 14.8594 733.7596 8.8527 0.3611 32.0701 78.7154 0.9995 0.9989 94.86 -4.218 -11.39 65.23 43.06 -18.57 5.034 5.069 True
1_1357946 38.4502 37.817 4.5309 4.0766 8.6075 5374.1704 8.9877 0.23113 152.4152 117.1071 0.999 0.9916 144.0 3.492 -6.045 107.3 -48.35 -21.02 5.861 5.94 True
1_1475987 101.0928 100.8672 16.0616 15.9558 32.017399999999995 12924.7588 28.707 0.015342 0.0 0.0 1.0 1.0 3.649 0.0 -0.0 3.584 0.04748 -0.0 3.909 3.911 True
1_1525700 54.9685 50.4689 11.9282 8.1808 20.109 5287.0547 16.354 0.16205 15.8784 19.1869 1.0 0.9999 22.74 -7.111 0.4983 56.49 -0.3283 -3.33 4.759 4.969 True
1_1855285 79.8034 79.6516 14.0144 13.8244 27.8388 11685.5361 25.217 0.037609 4.0971 2.8712 1.0 1.0 4.984 -1.62 -0.9386 4.233 0.9134 0.715 4.164 4.166 True
1_1981582 98.5466 72.2245 28.5298 13.989 42.5188 5495.7363 27.665 0.026433 0.0 1.8608 1.0 1.0 2.915 0.0 -0.0 4.052 0.2417 0.3623 3.907 4.271 True
1_2022697 84.7513 71.333 19.7693 13.258 33.0273 720.6953 14.06 0.056455 0.0 6.0572 1.0 1.0 5.018 0.0 -0.0 9.209 0.7885 0.7494 4.055 4.298 True
1_2027198 66.3119 62.7028 13.1768 10.1523 23.3291 12453.085 22.867 0.16127 2.02 20.4336 1.0 1.0 10.39 -0.8817 0.284 20.17 4.615 0.5958 4.414 4.527 True
1_2104045 73.16 65.5209 16.4326 11.8344 28.267000000000003 385.807 10.699 0.030387 0.0 6.2648 1.0 1.0 6.249 -0.0 0.0 25.94 1.453 -0.999 4.248 4.435 True
1_2145705 50.1502 50.0809 7.3332 7.2186 14.5518 1166.7622 11.011 0.48855 57.9963 21.3742 1.0 0.9997 92.68 22.55 -2.283 81.63 -8.163 9.605 5.019 5.022 True
1_2344225 60.4584 58.457 11.6494 9.9203 21.569699999999997 95.0889 6.4176 0.22497 10.1749 37.6514 1.0 0.9996 38.08 -2.655 -3.847 53.67 -10.74 12.81 4.582 4.655 True
1_2376112 45.0266 42.5619 7.7577 5.8205 13.578199999999999 1834.5646 10.123 0.32696 11.9697 65.6361 1.0 0.9977 75.74 3.948 0.2289 107.3 8.034 17.89 5.285 5.478 True
1_2376929 116.0096 114.2848 17.4341 17.0271 34.461200000000005 10461.9717 28.744 0.023611 0.0 0.0 1.0 1.0 3.511 -0.0 0.0 3.527 0.04677 -0.0 3.795 3.808 True
1_2395905 44.5565 41.4299 8.461 5.7931 14.254100000000001 1810.2389 10.642 0.35705 28.7242 28.4913 0.9999 0.9999 76.39 8.423 -5.428 103.1 1.316 3.874 5.306 5.557 True
1_2495574 38.2783 38.2251 4.2636 4.1969 8.4605 7892.5967 10.003 0.27397 54.4379 79.0808 1.0 0.9961 133.9 -15.84 2.197 118.5 -34.46 -18.39 5.892 5.899 True
1_2625571 59.1277 55.6214 11.5755 8.7225 20.298000000000002 8424.332 18.187 0.017175 13.2334 14.8096 1.0 0.9999 18.79 4.909 1.566 41.08 -4.355 -1.975 4.619 4.761 True
1_2828469 51.3438 51.2839 7.4496 7.3441 14.793700000000001 6188.6709 15.951 0.42722 47.901 34.6536 0.998 0.9998 70.78 0.9646 18.99 42.22 -14.75 5.357 4.96 4.963 True
1_2960203 84.1887 68.1789 21.3509 12.1874 33.5383 10523.3076 27.681 0.034479 0.0 1.7391 1.0 1.0 3.461 0.0 -0.0 13.25 -0.3389 -0.4825 4.06 4.369 True
1_3013803 84.7075 82.7833 14.9056 14.3025 29.2081 10117.9951 25.183 0.03241 0.0 0.0 1.0 1.0 4.09 0.0 0.0 4.166 0.03793 0.0 4.086 4.117 True
1_3035605 54.0556 50.4018 10.6477 7.6316 18.2793 10502.1338 17.976 0.11723 13.3552 39.062 1.0 0.9984 30.69 -5.401 -1.954 58.72 -10.03 11.46 4.803 4.987 True
1_3111921 40.0776 36.6325 7.9564 4.2977 12.254100000000001 5634.7637 11.533 0.21928 23.9485 110.9816 1.0 0.9993 59.95 9.854 1.951 109.5 37.46 -4.626 5.649 6.035 True
1_3207625 51.6859 51.382 7.4641 7.2274 14.691500000000001 6556.5869 13.708 0.1451 42.4146 37.7886 0.9995 0.9997 70.69 -11.72 -7.932 71.29 10.19 6.291 4.944 4.96 True
1_3214460 46.4836 44.7102 7.8987 6.6274 14.5261 174.98 5.3763 0.10147 51.5591 26.7037 0.9995 0.9996 108.2 14.97 13.51 91.97 3.31 10.34 5.199 5.32 True
1_3239970 72.3512 67.164 15.2179 11.8028 27.020699999999998 434.3159 10.768 0.096512 0.0 14.2282 1.0 1.0 6.56 0.0 -0.0 20.5 4.066 -0.317 4.273 4.402 True
1_3276388 46.8876 43.4014 9.6275 6.9581 16.5856 405.262 8.0235 0.32596 29.1267 21.877 0.9996 0.9999 65.55 -0.7233 -12.29 89.86 -2.641 -4.56 5.153 5.382 True
1_3387672 68.4759 66.9198 12.1158 10.9403 23.0561 9191.3213 20.686 0.086213 13.4431 15.3757 1.0 0.9998 19.04 -5.223 -1.433 27.83 -2.626 4.684 4.376 4.419 True
1_3417197 36.3152 35.9571 3.8813 3.6397 7.521 12758.6562 15.885 0.65827 81.7459 133.0921 0.9919 0.9876 99.72 15.38 19.65 115.6 -5.811 12.81 6.102 6.155 True
1_3439604 56.5547 56.4796 8.7735 8.6436 17.417099999999998 2405.1721 13.716 0.38755 32.157 24.3263 0.9997 0.9999 57.57 -10.89 8.008 52.44 -7.541 5.734 4.735 4.738 True
1_3463369 51.3538 49.7477 8.5761 7.4068 15.9829 1926.2837 11.899 0.36062 21.4553 50.7668 0.9999 0.9993 59.32 1.463 -6.067 59.4 -7.668 11.04 4.94 5.029 True
1_3479226 40.8708 14.7743 5.8984 4.0648 9.9632 5834.5571 62.236 0.94335 37.8182 127.7407 0.884 0.8266 4.173 3.471 -4.287 79.67 1.67 -6.851 5.612 10.55 True
1_3554108 115.4559 84.4842 27.3872 14.9549 42.3421 3042.822 23.949 0.021432 0.0 0.0 1.0 1.0 3.212 0.0 -0.0 4.477 -0.005522 0.0 3.781 4.078 True
1_3557691 73.5567 70.2516 14.6027 12.4933 27.096 409.7576 10.585 0.039075 0.0 3.1069 1.0 1.0 6.543 0.0 0.0 17.88 -1.545 -0.2976 4.258 4.334 True
1_3662203 64.9796 64.8733 10.813 10.648 21.461 2209.6587 13.611 0.052573 8.3326 10.6698 1.0 0.9999 26.81 -0.03694 0.2846 28.9 1.762 -3.898 4.467 4.47 True
1_3686956 48.9053 48.8412 6.9131 6.8023 13.715399999999999 2534.3774 13.457 0.53105 21.7767 31.5208 0.9999 0.9995 85.45 7.121 -3.441 93.6 3.715 -12.12 5.087 5.091 True
1_3753792 34.8571 33.8309 3.9832 3.2528 7.236000000000001 3074.4805 38.876 0.93878 66.0361 148.6578 0.9629 0.7773 51.85 -5.879 15.54 103.2 -0.5735 -9.68 6.256 6.426 True
1_3830194 69.4431 67.7818 12.7655 11.4974 24.262900000000002 1958.1069 14.719 0.14657 2.1343 20.0807 1.0 1.0 15.75 -0.3496 0.1025 20.1 -8.133 -1.485 4.351 4.395 True
1_3954576 33.7166 15.4945 9.9372 3.4388 13.376000000000001 8856.5244 302.26 0.98832 13.1714 121.5554 0.9997 0.0832 2.536 -4.395 0.3811 61.24 16.43 -2.618 6.355 12.16 True
2_21934 64.1928 64.0126 10.4174 10.209 20.6264 8480.1748 18.875 0.1427 17.7199 16.2633 1.0 0.9997 30.48 7.663 -2.047 22.19 0.9322 -5.704 4.491 4.497 True
2_66158 30.1591 19.5428 8.8144 3.3249 12.139299999999999 2020.2374 180.61 0.98812 31.0175 100.4356 -0.0083 -0.0927 9.339 1.753 4.087 60.25 -27.02 -2.705 6.932 10.07 True
2_188541 36.8668 36.8206 4.0762 4.0096 8.085799999999999 4813.4067 10.823 0.54351 86.8966 88.5759 0.9999 0.9391 137.2 10.44 -3.244 64.8 14.12 35.35 6.042 6.048 True
2_269305 61.6316 57.1284 13.1195 9.1595 22.279 8681.6455 20.27 0.1922 6.3937 18.2728 1.0 0.9997 9.34 2.082 -1.079 37.56 5.787 -5.743 4.535 4.702 True
2_367964 57.0781 57.0035 8.6437 8.5305 17.1742 10388.5537 18.942 0.33536 33.3137 12.6958 0.999 0.9999 52.2 -6.886 11.01 43.73 6.878 3.272 4.719 4.722 True
2_531424 69.4687 68.4199 12.0425 11.2607 23.3032 12402.0361 22.802 0.14387 6.8979 12.6866 1.0 0.9997 15.63 2.778 -1.622 20.98 -0.6193 -5.934 4.356 4.384 True
2_607242 36.8618 34.8396 5.6195 3.9891 9.608600000000001 2336.8521 7.5465 0.098894 61.6718 47.4086 0.9984 0.9961 139.5 -5.821 -21.16 93.83 2.993 -19.22 5.99 6.252 True
2_697612 71.0783 68.7116 13.3303 11.4621 24.7924 6014.1855 19.521 0.064697 4.4136 15.3279 1.0 1.0 10.75 -1.076 -0.8471 20.01 6.87 -0.6622 4.314 4.375 True
2_732670 31.8392 21.8228 9.6463 3.0549 12.7012 558.4689 821.08 0.99901 26.0399 55.0384 0.9998 0.4503 7.435 5.374 -0.1578 20.82 -4.91 -0.3981 6.637 9.285 False
2_785624 41.2583 37.7081 8.5756 4.9572 13.5328 1081.9539 7.9403 0.08906 29.7543 16.0452 0.9999 0.9997 71.24 -5.787 -6.621 95.12 -8.113 -5.643 5.545 5.896 True
2_804137 58.9325 51.5349 15.7438 8.7168 24.4606 2671.5627 15.565 0.11782 0.0 21.2394 1.0 0.9997 5.623 0.0 -0.0 45.09 5.307 -5.135 4.598 4.909 True
2_867096 60.93 60.7597 9.7417 9.5388 19.2805 4316.7036 16.357 0.32223 15.6005 28.1981 0.9997 1.0 38.59 1.226 6.638 39.23 11.61 -2.193 4.587 4.593 True
2_912928 63.6746 55.275 16.4699 9.2472 25.7171 13563.0449 24.985 0.19134 0.0 30.5102 1.0 0.9991 4.516 0.0 0.0 27.37 3.813 -8.161 4.454 4.757 True
2_1015104 35.6595 35.2303 3.9852 3.7087 7.693899999999999 2492.3403 8.3887 0.50286 53.047 139.3863 0.9998 0.9962 165.6 -14.48 4.801 199.7 16.15 25.41 6.172 6.234 True
2_1105660 45.1965 45.1348 5.9143 5.824 11.738299999999999 5862.4253 12.486 0.3574 42.9513 29.2742 0.9987 0.9988 105.2 0.6687 -13.76 81.42 13.35 13.55 5.315 5.319 True
2_1175333 42.9033 42.8518 5.5619 5.4708 11.032699999999998 8190.1919 67.277 0.93599 41.0631 103.4368 0.9996 0.9953 132.7 -11.26 9.329 107.8 6.227 -46.18 5.476 5.48 True
2_1219762 64.5693 64.5039 10.3903 10.2745 20.6648 12739.1084 21.208 0.17893 18.1879 21.5052 1.0 1.0 35.25 4.259 -0.5726 16.4 -4.454 -1.417 4.482 4.483 True
2_1249655 66.8766 64.071 14.1825 11.6948 25.877299999999998 37.2279 5.4828 0.092598 3.5651 8.834 1.0 1.0 9.603 -0.06794 -1.741 32.99 3.017 -0.9532 4.399 4.478 True
2_1298698 44.1221 42.9936 6.274 5.3524 11.6264 13233.0977 18.546 0.54923 37.0482 12.0115 0.9998 1.0 97.73 -5.235 -4.892 94.31 7.855 -1.816 5.37 5.469 True
2_1300261 75.8719 62.9856 20.6261 11.7549 32.381 76.4224 7.7328 0.067156 0.0 10.2699 1.0 0.9999 6.539 0.0 0.0 30.1 -1.227 3.475 4.186 4.491 True
2_1305592 76.2428 61.8648 21.0025 11.7658 32.7683 13633.6211 29.34 0.11287 0.0 14.2954 1.0 1.0 3.543 0.0 0.0 11.95 3.147 -0.414 4.18 4.517 True
2_1476289 39.9942 39.9434 4.6553 4.5843 9.2396 5351.377 10.137 0.34958 71.8664 66.1523 0.9999 0.9988 141.5 -7.831 -3.194 129.2 -4.761 -14.12 5.725 5.73 True
2_1704036 48.2223 45.4549 8.8944 6.7131 15.607499999999998 2082.0317 10.694 0.14799 27.85 49.2707 0.9997 0.9996 59.14 2.502 -9.506 52.8 14.46 -7.617 5.086 5.266 True
2_1747844 44.1249 44.0723 5.8182 5.7269 11.5451 5384.3242 31.099 0.84492 70.8062 33.9909 0.9996 1.0 99.6 15.77 9.398 139.1 8.835 -0.1708 5.385 5.389 True
2_1762365 59.5287 59.4379 9.243 9.114 18.357 8288.3633 18.369 0.29933 17.0804 21.5393 0.9999 0.9999 41.42 -6.887 2.62 43.68 6.036 -4.901 4.633 4.637 True
2_1851928 49.1744 48.8247 7.0721 6.8044 13.8765 2563.834 10.199 0.065763 26.6883 10.6488 0.9999 1.0 89.15 -5.968 3.291 65.73 0.409 1.781 5.069 5.091 True
2_1947451 47.8825 47.8173 6.5734 6.4774 13.0508 6247.2041 16.306 0.53113 59.5688 34.2096 0.9969 0.9998 85.79 -4.147 -22.51 80.13 -0.1843 -5.767 5.145 5.149 True
2_2068208 80.2441 80.0951 14.1558 14.0632 28.219 4681.7085 20.137 0.015577 0.0 0.0 1.0 1.0 4.651 -0.0 0.0 4.545 0.06309 0.0 4.155 4.158 True
2_2109124 58.6834 55.3805 11.294 8.7057 19.9997 10855.4863 20.544 0.26802 3.8142 17.0149 1.0 0.9999 25.62 0.9317 0.295 38.17 2.587 3.863 4.635 4.769 True
2_2213319 103.7261 79.6451 24.5055 14.4001 38.9056 10985.4033 31.311 0.0026319 0.0 0.0 1.0 1.0 2.991 0.0 0.0 3.898 -0.00532 -0.0 3.861 4.151 True
2_2268509 41.2304 41.1874 5.0338 4.9585 9.9923 6346.5776 12.23 0.45047 24.8286 19.341 0.9999 0.9999 125.4 -7.912 3.33 82.43 -16.96 -3.442 5.613 5.617 True
2_2456128 45.4264 43.7795 7.5327 6.2579 13.790600000000001 413.2613 8.9381 0.56466 36.9515 70.8583 0.9999 0.9998 111.7 -12.43 -7.797 84.49 -9.761 9.373 5.266 5.39 True
2_2482673 56.3665 53.7484 10.2334 8.2882 18.5216 8219.4385 17.272 0.15278 24.3887 37.562 0.9996 0.9982 28.95 -5.753 -8.183 49.65 0.8124 -11.95 4.721 4.838 True
2_2544859 79.3302 78.9386 14.2501 14.0667 28.3168 1193.39 14.33 0.018695 0.0 0.0 1.0 1.0 5.502 0.0 0.0 5.413 0.08472 -0.0 4.168 4.175 True
2_2561414 41.4802 41.4358 5.3265 5.2378 10.5643 484.9529 7.3703 0.5387 63.8362 78.7769 0.9989 0.9999 151.6 14.15 17.77 172.5 17.2 -6.899 5.588 5.592 True
2_2574185 56.8856 53.8257 11.4924 8.6177 20.1101 205.2214 7.1591 0.12156 8.4888 7.1448 1.0 1.0 41.0 -1.325 -1.491 62.9 0.397 -0.3661 4.694 4.832 True
2_2587750 34.0667 32.5316 4.4408 3.1761 7.6169 2857.4255 8.5047 0.49751 55.3554 199.7984 1.0 0.9862 148.7 18.18 2.803 118.5 -74.6 -21.4 6.341 6.6 True
2_2663514 47.2028 47.1429 6.547 6.4467 12.9937 3772.6147 15.95 0.60705 35.7389 27.4549 1.0 1.0 87.04 4.888 0.4408 70.07 15.98 -3.187 5.185 5.189 True
2_2718130 92.5859 91.6765 15.4284 15.1485 30.576900000000002 9515.7725 25.641 0.017351 0.0 0.0 1.0 1.0 3.955 0.0 0.0 3.907 -0.05661 0.0 3.993 4.004 True
2_2746444 44.023 40.7864 8.4325 5.3081 13.740599999999999 4140.106 11.87 0.2451 36.8749 41.082 0.9993 0.9983 63.76 9.778 -12.01 94.05 20.17 12.46 5.341 5.623 True
2_2769682 45.8729 45.799 6.0326 5.9363 11.968900000000001 5764.002 11.378 0.14636 74.6103 43.7946 0.9949 0.9999 95.29 8.62 -25.6 75.73 9.312 -2.143 5.27 5.275 True
2_2779032 38.1936 36.3135 5.558 4.1052 9.6632 1348.3475 8.2945 0.4825 33.3422 157.1058 0.9996 0.9999 102.2 9.296 7.089 152.1 -21.88 -1.71 5.854 6.083 True
2_2877648 57.8516 57.4559 8.8879 8.585 17.472900000000003 13200.1982 18.877 0.18002 37.6951 35.7108 0.9992 0.9995 53.11 -2.501 8.858 45.24 -14.22 -7.881 4.69 4.706 True
2_2931103 93.8 85.5391 17.2649 14.6971 31.962000000000003 8643.4844 25.835 0.02973 0.0 0.0 1.0 1.0 3.84 -0.0 -0.0 4.161 -0.01917 0.0 3.964 4.076 True
2_3092848 43.54 18.5717 12.0998 3.3686 15.468399999999999 2515.4626 279.29 0.99094 5.4344 109.8581 0.9998 -0.4683 3.274 0.1632 0.2742 54.85 7.111 -1.503 5.356 10.16 True
2_3207679 35.3703 35.1176 3.6728 3.5053 7.178100000000001 20.4315 32.721 0.98746 76.6089 94.0203 0.995 0.8253 82.39 -1.203 17.32 65.87 16.11 -4.528 6.217 6.264 True
2_3224192 41.1918 41.1391 5.0821 4.998 10.0801 4045.4531 10.975 0.45074 42.3342 89.6184 0.9992 1.0 141.3 -2.946 -12.17 77.52 29.1 0.7257 5.615 5.62 True
2_3363023 41.7941 37.1965 10.7708 5.0716 15.8424 7468.0942 16.61 0.39949 17.2309 30.9395 0.9998 0.999 40.58 -0.7175 -6.181 91.98 -2.66 -9.333 5.49 5.937 True
2_3365920 35.3723 35.1966 3.6443 3.5105 7.1548 7002.0449 126.19 0.981 88.1723 69.1112 0.9967 0.9411 76.15 -2.92 -14.64 51.21 17.46 5.904 6.219 6.258 True
2_3431590 71.7855 64.7034 15.6574 10.7888 26.4462 10282.7354 23.488 0.10515 0.0 9.6622 1.0 0.9999 4.447 0.0 -0.0 22.48 -2.835 2.845 4.278 4.468 True
2_3466454 62.6142 56.9693 14.3745 9.2083 23.5828 9086.9697 21.45 0.20945 0.0 28.7498 1.0 1.0 5.189 0.0 0.0 29.3 7.813 1.049 4.499 4.705 True
2_3527006 33.3352 33.0748 3.2199 3.065 6.2849 10261.2109 8.2051 0.17499 82.8249 136.2308 1.0 0.9958 148.8 -6.73 -0.7877 164.9 6.922 14.78 6.493 6.54 True
2_3576672 47.9077 20.6132 11.1112 3.5694 14.6806 5956.0469 308.77 0.98929 11.4982 83.1582 0.9918 -0.8769 3.933 1.547 0.3618 42.04 5.569 0.8987 5.084 9.433 True
2_3577409 56.2156 55.3246 8.8802 8.2664 17.1466 10606.1445 17.297 0.11876 20.5474 12.0526 0.9997 0.9997 49.71 2.207 -6.247 42.17 -0.8434 -5.258 4.744 4.783 True
2_3587973 47.1141 46.7167 6.8771 6.5875 13.4646 396.8578 7.0223 0.35771 22.4873 35.7538 1.0 0.9996 116.5 4.017 1.582 111.6 -21.59 12.2 5.184 5.21 True
2_3903178 45.1091 43.3136 7.3701 6.0365 13.406600000000001 941.6047 13.056 0.67569 20.1306 21.0804 1.0 1.0 98.03 5.71 -1.202 118.8 -0.3285 1.004 5.289 5.424 True
2_3939331 144.5866 110.9585 23.836 17.1516 40.9876 2178.7715 21.834 0.0056156 0.0 0.0 1.0 1.0 3.637 -0.0 0.0 4.204 0.02029 0.0 3.653 3.822 True
3_55840 34.2064 32.8966 4.2406 3.1836 7.4242 10868.0293 9.2844 0.13658 63.806 141.8656 0.9997 0.9539 154.7 15.47 6.05 121.4 -15.24 53.9 6.33 6.55 True
3_90067 31.433 29.1649 8.8084 3.7106 12.519 12167.498 82.666 0.93996 35.6425 147.3602 0.069 0.4877 10.34 -3.591 2.542 67.82 16.19 -8.562 6.705 7.124 True
3_98232 75.37 72.9227 15.0895 14.0554 29.1449 22.5389 5.1549 0.028159 0.0 0.0 1.0 1.0 8.995 0.0 0.0 9.301 -0.1058 -0.0 4.223 4.274 True
3_110534 49.0214 44.9474 10.5763 7.1523 17.7286 3526.2026 14.863 0.3626 14.692 58.3654 1.0 0.9988 40.25 -6.443 -0.3588 47.8 7.689 13.84 5.029 5.277 True
3_354679 133.5691 87.9167 33.0355 15.4125 48.448 9882.6074 35.3 0.024221 0.0 0.0 1.0 1.0 4.053 0.0 0.0 3.65 0.005499 -0.0 3.696 4.03 True
3_434720 34.1433 33.0461 3.8678 3.0915 6.9593 9520.4639 42.917 0.92371 83.5262 127.8186 0.9689 1.0 60.74 10.44 -11.82 91.97 2.274 0.1032 6.349 6.536 True
3_572715 36.5335 35.7652 4.2119 3.7379 7.9498 11478.4326 22.169 0.78204 71.5016 83.1819 1.0 0.9867 88.42 18.99 1.926 71.04 0.6624 8.173 6.062 6.168 True
3_620157 46.7286 46.6632 6.367 6.267 12.634 6940.7207 19.737 0.65052 77.9759 59.7958 0.997 0.9996 90.81 15.72 -24.33 72.4 -46.84 -9.722 5.215 5.219 True
3_651033 64.3097 56.4802 15.9965 9.6907 25.687199999999997 8798.7949 22.472 0.19345 0.0 25.7531 1.0 0.9998 4.839 0.0 -0.0 24.28 2.236 -4.422 4.44 4.709 True
3_686242 72.349 72.2559 12.2031 12.0566 24.2597 9912.8574 21.827 0.050402 6.0779 10.6446 1.0 0.9999 16.59 1.738 -1.117 17.6 2.567 3.969 4.3 4.302 True
3_751715 43.4645 43.4177 5.7674 5.6752 11.4426 1890.3643 18.241 0.78099 73.4974 50.4933 0.999 0.9997 135.9 -21.55 -15.73 116.5 -31.04 -12.74 5.431 5.434 True
3_987641 65.6563 65.0556 11.1144 10.6091 21.7235 3136.7212 15.006 0.062011 14.7173 8.4103 0.9999 0.9999 31.34 -0.6927 4.304 29.0 0.8835 -3.26 4.448 4.466 True
3_1039572 58.3828 58.2979 9.3816 9.2353 18.6169 709.7139 9.5586 0.21077 13.9883 25.1138 0.9999 1.0 53.79 4.351 -4.018 65.13 -5.827 -1.253 4.667 4.67 True
3_1068001 35.7773 31.683 9.1181 3.8751 12.9932 2252.5129 8.9626 0.032247 4.1043 92.6925 1.0 0.9974 62.66 0.3426 1.498 122.4 33.13 -11.57 6.086 6.651 True
3_1082274 39.0008 36.9866 6.0366 4.4206 10.4572 3586.5071 14.687 0.66192 31.7556 18.2387 1.0 1.0 123.1 -10.37 0.5669 150.0 8.078 1.086 5.77 5.999 True
3_1197916 37.538 37.4976 4.2112 4.1463 8.3575 4203.3682 12.593 0.64516 13.1715 84.9662 0.9999 0.9979 155.7 -2.697 3.324 137.7 -14.22 18.16 5.969 5.973 True
3_1236649 39.2314 28.9372 11.4588 4.1706 15.6294 6541.7466 59.778 0.91154 12.8314 149.9792 0.9991 0.7886 3.74 -2.027 0.4452 69.25 4.83 -7.935 5.713 7.552 True
3_1239441 73.4687 71.5474 14.5007 13.2722 27.7729 55.6981 6.4353 0.026726 0.0 3.3491 1.0 1.0 8.254 0.0 0.0 15.92 1.292 1.102 4.262 4.306 True
3_1284081 42.0025 41.3284 5.7336 5.2342 10.9678 1220.9387 8.4111 0.42075 87.014 88.3713 0.9963 0.9943 140.4 5.634 29.41 107.1 -2.79 -34.64 5.534 5.597 True
3_1424605 40.2581 36.1239 9.5258 4.8053 14.3311 2109.1213 9.8152 0.14396 26.6585 19.9333 1.0 0.9997 63.15 9.82 -0.2812 101.5 1.121 -4.908 5.623 6.055 True
3_1658313 41.4993 40.7977 5.4393 4.9615 10.4008 10050.5586 12.187 0.23556 72.8973 56.2095 0.9999 0.993 115.1 -25.57 3.891 66.69 -14.51 -26.4 5.578 5.644 True
3_1664495 78.1813 77.7974 14.5513 14.3468 28.8981 83.0768 7.387 0.03291 0.0 0.0 1.0 1.0 7.579 -0.0 0.0 7.632 -0.07332 0.0 4.182 4.189 True
3_1675416 55.1774 51.6579 11.1138 8.215 19.3288 939.2244 10.092 0.049169 14.0844 28.6362 1.0 1.0 29.04 0.4096 -3.104 62.14 -6.838 2.026 4.758 4.922 True
3_1695807 44.6591 43.8395 6.4164 5.7961 12.2125 1181.938 7.6265 0.063482 37.0741 16.6116 0.9999 0.9999 112.4 -13.28 4.166 81.0 1.615 3.416 5.336 5.401 True
3_1737625 87.2858 72.0526 20.3575 12.6552 33.0127 13950.1055 29.582 0.043753 0.0 7.8711 1.0 0.9999 3.43 -0.0 0.0 9.652 1.194 -2.605 4.022 4.293 True
3_1792383 80.2587 72.554 16.4493 12.9824 29.4317 4569.9824 20.647 0.060414 0.0 3.5929 1.0 1.0 4.501 -0.0 -0.0 9.819 -0.243 -1.216 4.13 4.282 True
3_1870827 39.7109 22.9906 13.9544 8.2784 22.232799999999997 5307.9263 3145.1 0.99897 7.743 37.7094 0.9907 -0.7555 0.9023 -0.8955 -2.122 14.95 -7.111 -0.2715 5.668 8.547 False
3_1888546 31.516 28.6613 7.6777 3.4825 11.1602 73.6385 97.17 0.9925 35.2993 104.0837 0.997 0.4252 19.39 -13.57 -6.612 53.65 -1.3 2.599 6.695 7.238 True
3_1962299 56.6737 54.3253 10.1523 8.1902 18.3425 5722.9985 15.445 0.10337 21.4805 26.5457 0.9999 0.9996 28.8 -4.968 -3.658 48.87 11.77 -5.774 4.711 4.821 True
3_2036159 96.2028 86.5475 18.0577 15.0047 33.0624 1664.76 17.461 0.021829 0.0 0.0 1.0 1.0 4.574 -0.0 -0.0 4.972 0.06718 0.0 3.935 4.058 True
3_2070101 77.9431 69.9421 17.2047 12.945 30.1497 94.5857 7.8535 0.042629 0.0 3.5755 1.0 1.0 7.038 0.0 0.0 17.43 -0.8145 -1.079 4.161 4.333 True
3_2101363 43.3179 17.5994 12.2864 3.254 15.5404 7353.3618 286.4 0.98717 11.7293 128.6668 1.0 -0.2219 3.343 -3.581 -0.02232 57.01 -18.77 -2.212 5.371 10.69 True
3_2104719 37.7391 37.0048 4.6955 4.1453 8.8408 6387.5356 10.591 0.3922 46.857 82.6991 0.9996 0.9972 162.8 -4.414 -8.602 79.39 -27.08 20.77 5.926 6.019 True
3_2418815 46.9767 46.7495 6.4915 6.2778 12.769300000000001 2735.7729 11.934 0.45577 42.1916 40.7961 0.9996 0.9988 103.3 9.863 -8.541 96.65 16.9 -17.46 5.198 5.214 True
3_2456202 77.9973 71.2507 16.2581 12.7537 29.0118 559.3426 12.023 0.037086 0.0 6.3322 1.0 1.0 5.885 0.0 0.0 14.85 -0.284 -2.705 4.166 4.31 True
3_2515142 37.0523 34.0592 6.64 3.8407 10.480699999999999 3401.604 15.62 0.70178 55.7841 110.1816 0.9999 0.9867 53.39 -2.961 4.629 87.51 24.92 9.19 5.954 6.346 True
3_2587571 38.5192 37.6187 7.7446 6.4256 14.170200000000001 34.5192 643.2 0.99929 34.1378 38.9117 0.9962 0.6312 0.4498 -0.9958 -6.09 17.02 -15.96 0.4418 5.794 5.89 True
3_2771043 72.5416 70.0605 14.5931 13.0491 27.6422 52.7636 6.3166 0.027589 0.0 6.7271 1.0 1.0 8.349 0.0 0.0 18.28 2.48 1.65 4.278 4.335 True
3_2786733 93.2681 87.9529 16.5692 15.0272 31.5964 2948.5061 19.503 0.024762 0.0 0.0 1.0 1.0 4.457 0.0 -0.0 4.632 0.06564 -0.0 3.974 4.044 True
3_2841615 31.4474 30.4737 8.9989 5.6599 14.658800000000001 147.6961 514.19 0.9984 32.1609 18.7836 -0.3341 0.7274 11.99 -3.106 -0.3593 9.304 8.953 -1.46 6.702 6.87 True
3_3206336 63.1065 58.2619 14.6342 10.2142 24.848399999999998 77.343 6.4413 0.079988 0.0 31.1631 1.0 0.9998 8.558 -0.0 0.0 55.06 10.32 -6.914 4.485 4.651 True
3_3218848 56.0216 55.0303 9.2483 8.4081 17.656399999999998 1466.9207 10.593 0.038451 6.9668 34.4212 1.0 0.9999 51.46 -0.1168 -2.706 50.2 16.44 -3.921 4.747 4.794 True
3_3312836 52.7098 52.0795 8.066 7.637 15.703 2940.8301 12.494 0.29148 14.0314 13.5581 1.0 1.0 67.26 4.696 0.4042 65.81 4.872 0.9757 4.891 4.923 True
3_3326848 111.9897 107.3204 17.7072 16.6399 34.3471 4629.1592 23.259 0.0091059 0.0 0.0 1.0 1.0 3.91 -0.0 -0.0 3.938 0.03335 -0.0 3.817 3.855 True
3_3432401 39.0243 35.3738 8.2772 4.5571 12.8343 4998.1064 12.121 0.30641 30.6046 70.2697 0.9999 0.9939 75.79 11.99 -3.891 89.59 -2.99 -23.17 5.741 6.149 True
3_3444804 34.118 32.3232 4.7466 3.2992 8.0458 6102.4155 9.8625 0.41379 23.1239 62.7783 0.9998 0.9923 154.3 2.092 -6.964 111.4 -31.0 25.37 6.327 6.617 True
3_3501656 71.7232 71.6247 12.1604 12.0057 24.1661 6381.9385 19.401 0.016002 7.5634 13.6976 1.0 1.0 18.34 -1.961 1.451 18.18 -6.577 1.223 4.312 4.314 True
3_3576107 48.8702 48.1182 7.3664 6.8374 14.2038 2511.3914 11.596 0.35416 38.2941 45.255 0.9996 0.9999 78.4 9.011 9.544 52.05 -3.972 -4.145 5.078 5.125 True
3_3584678 36.5374 35.4435 4.7314 3.9458 8.6772 3726.4429 8.0609 0.17801 34.2661 39.8191 0.9999 0.9975 158.3 -1.487 5.577 75.51 10.44 -15.17 6.047 6.194 True
3_3611825 61.6897 58.2799 12.223 9.3253 21.5483 3296.0701 15.763 0.234 5.1831 13.2281 1.0 0.9999 19.44 2.321 -0.6768 38.59 -3.675 2.829 4.54 4.665 True
3_3641819 41.4478 39.0018 6.9829 4.8762 11.8591 2494.687 9.084 0.15072 31.1531 34.0815 0.9997 0.9997 104.5 3.371 -8.289 93.76 -14.38 -5.83 5.548 5.789 True
3_3699872 34.1994 31.5903 5.6892 3.1435 8.832699999999999 5730.8047 8.6973 0.047672 56.1011 125.0694 0.9998 0.98 122.9 -10.05 -4.946 143.8 22.21 31.21 6.3 6.73 True
3_3709366 102.9066 98.6943 17.0498 15.9703 33.0201 2854.519 19.993 0.010064 0.0 0.0 1.0 1.0 4.302 0.0 0.0 4.338 -0.04025 0.0 3.886 3.928 True
3_3808423 47.3312 43.4249 9.8485 6.7087 16.5572 5653.7446 14.264 0.13371 19.8465 35.242 0.9999 0.9996 43.1 -7.883 3.172 64.48 8.073 -5.674 5.125 5.385 True
3_3830383 69.0112 62.4788 15.2836 10.6364 25.92 4387.897 18.473 0.051083 0.0 25.2143 1.0 1.0 4.963 -0.0 0.0 29.89 9.882 -0.8698 4.337 4.523 True
3_3884051 45.3691 45.3191 6.0914 6.0007 12.0921 2067.2546 10.552 0.44335 35.3039 59.6317 0.9999 1.0 97.28 5.82 -4.301 82.65 -2.13 0.9275 5.3 5.303 True
3_3899281 53.3518 53.267 8.7282 8.5636 17.2918 60.0647 4.8956 0.26222 22.103 12.8634 0.9999 1.0 83.23 2.806 5.656 82.09 10.45 -0.4899 4.861 4.865 True
3_3940725 31.6811 21.0836 9.3122 3.9947 13.3069 8292.2246 356.03 0.99037 17.4589 105.6923 0.4507 0.9214 4.897 -0.3667 -2.942 49.94 24.71 -1.012 6.663 9.35 True
3_3986028 52.5642 46.8596 13.6507 8.0962 21.7469 7901.564 19.469 0.22005 4.5616 29.3689 1.0 1.0 10.72 0.02039 1.342 42.64 10.18 -1.986 4.846 5.141 True
4_11784 63.3131 59.7571 12.4875 9.71 22.1975 12551.0732 21.607 0.05012 5.7573 19.2834 1.0 1.0 12.77 -2.217 1.174 34.68 3.883 1.589 4.492 4.614 True
4_39542 27.2804 23.153 7.1907 3.1397 10.3304 12741.001 79.52 0.94624 41.5672 120.0243 0.8518 0.9834 7.942 5.673 4.974 64.43 -12.38 1.542 7.556 9.722 True
4_136044 68.9066 68.0117 12.1659 11.4063 23.572200000000002 1795.8197 13.851 0.043767 5.4163 11.5957 1.0 0.9998 21.53 0.5319 0.8556 22.89 -0.9218 5.448 4.368 4.392 True
4_223003 83.1533 80.3142 15.6091 14.6048 30.2139 138.6541 8.7274 0.032055 0.0 0.0 1.0 1.0 6.802 0.0 -0.0 7.051 -0.03713 -0.0 4.099 4.146 True
4_376320 60.6957 55.0159 14.3429 9.1711 23.514 3158.781 15.903 0.11792 0.0 10.1744 1.0 0.9999 5.709 0.0 -0.0 43.44 0.9324 3.166 4.554 4.77 True
4_415905 54.2815 50.0223 11.5011 7.7417 19.2428 10855.4873 21.203 0.37134 8.788 30.0418 1.0 0.9996 22.86 -3.156 1.878 47.03 3.403 -7.184 4.788 5.0 True
4_519407 67.0196 66.8835 10.9689 10.7977 21.7666 12827.3965 22.066 0.17564 7.611 6.0265 1.0 1.0 24.93 2.275 1.801 24.45 -1.816 -2.319 4.419 4.423 True
4_592047 33.6146 32.7201 3.7025 3.0405 6.743 8922.4033 66.804 0.95799 73.915 122.8861 0.9992 0.9081 91.4 -13.45 -7.843 77.44 3.546 12.93 6.427 6.587 True
4_599169 146.8515 145.9091 20.3573 20.1034 40.4607 82.5985 9.5011 0.0067686 0.0 0.0 1.0 1.0 5.614 0.0 -0.0 5.544 0.03596 0.0 3.644 3.647 True
4_638781 66.4427 65.6648 11.3978 10.77 22.1678 3832.3586 16.413 0.17355 3.9042 15.5433 1.0 0.9999 25.28 0.02607 1.044 26.75 -7.492 -3.381 4.427 4.45 True
4_646017 58.3283 58.2487 9.0602 8.9319 17.9921 4939.0933 14.673 0.09182 15.6744 14.9559 0.9999 1.0 42.46 -2.192 -4.78 37.28 10.98 2.336 4.673 4.676 True
4_691917 28.4066 26.6184 8.6904 3.1866 11.877 389.1766 5.4045 0.15447 41.2717 147.482 0.3614 0.9913 14.89 -1.5 0.9905 191.4 17.65 -25.8 7.291 7.704 False
4_697323 131.8065 131.1021 19.3678 19.1381 38.5059 95.7787 9.5146 0.00085386 0.0 0.0 1.0 1.0 5.754 0.0 -0.0 5.663 0.00482 0.0 3.704 3.707 True
4_753998 36.8561 32.7102 9.2705 3.8093 13.0798 4302.8721 10.923 0.19388 10.7396 94.204 1.0 0.9897 47.94 -2.893 -2.755 107.4 -2.691 16.51 5.961 6.516 True
4_930899 58.7643 55.0633 12.7838 9.3632 22.147 71.6282 5.883 0.14972 10.118 27.6019 1.0 0.9999 25.94 4.164 -2.324 68.31 11.61 -5.882 4.624 4.771 True
4_1104256 70.1093 58.026 19.5968 10.4514 30.0482 10444.0439 25.568 0.10922 0.0 14.8187 1.0 0.9999 3.887 -0.0 0.0 23.8 4.331 2.577 4.296 4.644 True
4_1188780 35.9746 33.2848 6.2054 3.7725 9.9779 486.2491 5.503 0.27003 34.7483 139.5706 1.0 0.9974 133.1 -3.81 1.335 177.4 -4.878 -14.53 6.078 6.449 True
4_1245685 78.9753 76.3628 14.5651 13.3636 27.9287 7631.2422 22.63 0.01838 0.0 1.6675 1.0 1.0 4.422 0.0 0.0 7.464 -0.1853 0.7253 4.168 4.218 True
4_1478151 56.3367 55.4067 9.0096 8.3149 17.3245 4992.6475 15.475 0.30302 41.9266 51.9844 0.9998 0.9997 35.62 13.2 -6.033 66.91 1.031 5.746 4.738 4.779 True
4_1504862 76.2547 67.2082 17.6946 12.3402 30.0348 91.8741 7.7736 0.075148 0.0 12.9207 1.0 1.0 7.112 -0.0 0.0 19.63 3.014 -0.5953 4.187 4.393 True
4_1802922 95.1884 88.2681 17.4696 15.3512 32.8208 359.761 11.819 0.0093983 0.0 0.0 1.0 1.0 5.588 0.0 0.0 5.833 -0.04992 -0.0 3.95 4.035 True
4_1848682 108.7849 88.1702 22.2248 15.241 37.4658 1200.0675 17.547 0.016907 0.0 0.0 1.0 1.0 4.173 0.0 0.0 5.047 0.05693 0.0 3.824 4.034 True
4_1852891 84.4794 77.9066 17.4184 14.7422 32.1606 20.1634 5.3593 0.022404 0.0 0.0 1.0 1.0 8.252 0.0 -0.0 9.067 -0.02693 0.0 4.069 4.177 True
4_1892169 40.169 40.1145 4.768 4.6896 9.4576 11112.4219 15.132 0.54531 98.6821 43.3889 0.9972 0.9992 142.8 -23.85 -19.7 74.9 -25.19 -12.29 5.708 5.713 True
4_1971566 37.2539 33.6132 7.9144 4.119 12.0334 6441.5127 12.599 0.34676 26.2545 73.6504 0.9999 0.9964 77.09 6.314 4.806 134.4 1.524 17.46 5.923 6.378 True
4_2029749 76.1032 72.5019 14.5331 12.3984 26.9315 11838.0723 24.706 0.065434 0.0 4.1603 1.0 1.0 4.31 0.0 0.0 12.96 -0.07396 1.908 4.214 4.292 True
4_2067114 77.7152 74.6498 14.7862 13.2246 28.0108 1178.9954 14.164 0.026478 0.0 6.3187 1.0 1.0 5.581 0.0 -0.0 9.511 2.678 0.787 4.185 4.247 True
4_2175743 41.0993 38.9112 6.5604 4.8634 11.4238 2637.4253 8.9787 0.15086 20.9916 61.1166 0.9997 0.9987 95.78 3.732 -6.907 100.7 -10.16 -9.26 5.582 5.797 True
4_2190135 34.9438 32.7213 5.4689 3.3169 8.7858 6649.1748 37.758 0.90239 92.5307 108.9439 0.9992 0.9999 175.4 19.38 -14.53 162.6 52.71 -4.371 6.21 6.559 True
4_2480904 65.6838 64.4199 12.0893 10.9989 23.0882 307.351 8.8456 0.12269 10.1219 12.3702 1.0 1.0 28.95 -3.296 0.3639 30.88 3.081 -2.064 4.44 4.478 True
4_2501329 45.372 41.9448 8.9426 6.1485 15.0911 5570.9443 13.673 0.22483 23.6442 23.0983 0.9998 0.9992 50.0 -0.5493 -6.778 65.83 -15.91 8.43 5.247 5.506 True
4_2609871 31.6948 30.4897 8.9697 5.0789 14.0486 4944.4375 296.83 0.98915 13.631 66.2003 0.9036 -0.6004 3.55 -3.437 -0.08389 31.38 7.848 -2.118 6.661 6.875 True
4_2651505 40.472 40.2635 4.9098 4.7272 9.637 5695.1421 15.294 0.65011 74.8538 113.6697 0.9972 0.9927 116.6 -11.8 21.45 136.7 -12.3 -31.95 5.676 5.698 True
4_2652405 24.6728 24.5786 7.2404 4.1151 11.3555 14.9262 209.85 0.99869 19.0612 111.3218 0.9178 0.7573 8.419 -3.376 0.3478 52.28 20.92 -0.8136 8.299 8.344 True
4_2672632 43.6619 42.9813 5.8748 5.3982 11.273 11495.1416 13.403 0.23592 8.5967 59.8754 0.9999 0.9926 93.16 -0.9526 -2.767 72.38 1.737 -23.7 5.41 5.469 True
4_2878297 43.9522 42.8659 5.9001 5.2278 11.1279 5.5994 181.34 0.99956 26.8655 64.1129 0.9981 0.9501 17.22 -1.745 -4.966 39.79 -7.72 -0.2527 5.386 5.479 True
4_2937892 101.7986 96.6819 17.2834 15.9103 33.1937 1312.5807 16.535 0.029528 0.0 0.0 1.0 1.0 4.715 -0.0 0.0 4.923 0.0001906 -0.0 3.893 3.946 True
4_2968468 68.4116 57.1141 19.4782 10.4373 29.9155 476.8579 11.618 0.071627 0.0 15.3101 1.0 0.9999 5.61 0.0 0.0 38.89 1.719 -4.422 4.332 4.674 True
4_2985626 40.1414 39.2678 5.3173 4.6608 9.978100000000001 8222.0391 20.159 0.72088 61.4666 79.1898 0.9987 1.0 136.0 13.63 -15.85 84.04 -5.184 1.869 5.69 5.783 True
4_3127027 39.1282 36.7927 6.3997 4.3782 10.777899999999999 1183.1367 7.7278 0.35206 27.7453 103.2829 0.9997 1.0 113.8 5.441 -8.451 185.5 -0.9032 -1.688 5.753 6.019 True
4_3185321 35.1412 22.6645 10.7562 7.9304 18.6866 2253.0366 4361.1 0.99957 27.4292 34.4024 0.9492 0.9984 1.795 7.393 -3.418 14.16 -9.882 -0.01476 6.164 8.495 False
4_3333392 83.8484 74.9485 17.7391 14.0697 31.808799999999998 137.8219 9.0261 0.029636 0.0 0.0 1.0 1.0 6.409 -0.0 0.0 7.286 -0.01526 -0.0 4.074 4.232 True
4_3393804 70.0679 69.9557 12.0059 11.8271 23.833 1889.8024 14.158 0.051572 10.3146 16.412 1.0 1.0 22.84 -3.154 -1.302 26.75 -5.109 -1.761 4.345 4.347 True
4_3414493 56.1873 53.7193 11.0802 8.8316 19.9118 78.9904 5.7694 0.2363 12.9854 27.8154 1.0 0.9998 54.07 1.984 1.369 71.15 -9.261 8.71 4.723 4.834 True
4_3464588 78.5462 64.9085 20.4294 12.0005 32.4299 963.9709 14.821 0.061987 0.0 9.2413 1.0 1.0 4.878 0.0 -0.0 17.82 1.453 2.298 4.141 4.442 True
4_3549673 48.2922 48.1464 6.5909 6.4479 13.0388 5578.7925 12.728 0.28401 15.9635 81.4904 1.0 0.9998 78.45 4.865 1.478 108.5 9.556 -4.936 5.123 5.133 True
4_3754308 104.1639 98.4737 17.2679 15.8085 33.0764 9474.8682 27.167 0.027851 0.0 0.0 1.0 1.0 3.689 0.0 0.0 3.845 0.03462 -0.0 3.875 3.932 True
4_3868157 36.0922 17.6071 11.5906 3.2115 14.8021 3252.9641 246.03 0.98882 5.226 115.0653 1.0 -0.2315 2.775 -1.457 0.07139 59.05 -7.797 1.915 6.048 10.89 True
4_3868310 75.7589 68.4414 15.9412 11.8432 27.784399999999998 10935.0264 24.692 0.068037 0.0 8.0629 1.0 0.9999 4.205 -0.0 -0.0 17.12 2.398 -2.287 4.205 4.373 True
4_3997582 27.228 19.5701 8.1426 3.1728 11.3154 6159.4551 177.77 0.98293 18.0339 145.1195 0.9881 0.6344 7.922 -2.928 1.154 86.61 13.62 -3.204 7.569 10.2 True
