col.0: MtotZAMS/Msun  col.1:num mergers
430669009.9262963 626
col.0:ID col.1:m1ZAMS/Msun col.2:m2ZAMS/Msun col.3:m1rem/Msun col.4:m2rem/Msun col.5:m1rem+m2rem/Msun col.6:delay_time/Myr col.7:sma/Rsun col.8:ecc col.9:kick/kms col.10:kick/kms col.11:cmu1 col.12:cmu2 col.13:v1x/kms col.14:v1y/kms col.15:v1z/kms col.16:v2x/kms col.17:v2y/kms col.18:v2z/kms col.19:time_SN1/Myr col.20:time_SN2/Myr col.21:CE
0_28754 47.1155 44.0181 6.8987 5.1169 12.0156 13017.2754 15.004 0.30818 48.5488 52.8585 1.0 0.9931 72.82 -16.26 2.082 71.27 -11.38 -21.03 5.114 5.32 True
0_31994 53.1825 52.249 6.9446 6.5016 13.446200000000001 363.0291 7.5027 0.46097 39.5246 43.0744 0.9999 1.0 107.1 -10.89 6.29 100.0 -6.193 2.163 4.847 4.891 True
0_38460 40.7305 36.9636 7.3334 4.0239 11.3573 508.1218 6.4503 0.36135 44.3283 109.3279 0.9998 0.9963 131.3 5.263 -7.436 159.1 42.23 25.69 5.528 5.899 True
0_77376 68.6478 68.5108 8.2835 8.1912 16.4747 8017.9868 16.054 0.20706 20.6351 44.8836 0.9998 0.9969 56.93 -3.351 4.601 50.32 3.163 -19.92 4.392 4.395 True
0_80614 70.0929 60.684 14.6168 7.9896 22.6064 11178.2754 21.019 0.10026 0.0 34.6651 1.0 0.9999 4.955 0.0 -0.0 49.39 9.254 2.294 4.304 4.564 True
0_114676 82.2664 78.0981 11.7703 9.6558 21.426099999999998 6619.373 18.206 0.14742 13.038 13.3823 1.0 0.9999 21.45 5.51 -2.079 35.41 6.484 -3.46 4.135 4.21 True
0_164936 71.6517 71.5186 8.9947 8.8966 17.8913 2465.2617 13.028 0.26917 18.0322 25.1429 0.9998 0.9993 54.93 1.987 -5.899 48.39 -7.16 -12.07 4.326 4.329 True
0_228554 36.4484 32.8346 6.5131 3.1313 9.6444 3124.1704 9.255 0.40848 45.9413 179.0987 0.9996 0.9752 100.3 12.31 -8.183 148.8 15.56 -27.42 5.925 6.407 True
0_235459 70.5674 68.2684 9.982 8.7789 18.7609 754.9598 9.4336 0.090261 11.571 7.9738 1.0 1.0 49.25 -3.314 -3.073 51.53 2.167 -2.955 4.333 4.39 True
0_290254 145.3255 130.8161 16.1115 14.4931 30.604599999999998 4515.0757 21.198 0.026462 0.0 0.0 1.0 1.0 4.363 0.0 -0.0 4.54 -0.06327 -0.0 3.701 3.766 True
0_302751 75.4126 75.3244 9.2322 9.1634 18.3956 13639.8428 20.882 0.29748 8.3624 16.2986 1.0 1.0 36.93 2.142 0.04013 28.47 -1.137 -2.128 4.259 4.261 True
0_307251 113.8533 95.5498 17.4809 12.8171 30.298 769.6152 13.419 0.019216 0.0 6.8852 1.0 1.0 5.431 0.0 0.0 15.7 0.8581 2.21 3.82 3.981 True
0_326690 64.4007 64.1658 7.7046 7.5662 15.270800000000001 10826.7822 17.964 0.36945 24.5651 17.7144 0.9999 1.0 65.55 -6.619 3.414 50.82 -12.93 -2.763 4.494 4.501 True
0_333948 123.1426 103.3676 17.0025 13.0244 30.0269 4615.3857 20.93 0.018885 0.0 5.16 1.0 1.0 4.407 0.0 -0.0 11.09 -0.9636 -1.729 3.777 3.921 True
0_344317 39.3773 39.1346 3.9141 3.7887 7.7028 2557.0051 6.9408 0.25615 32.2718 79.4226 1.0 0.9987 183.3 1.409 -0.8054 130.7 -60.48 13.99 5.719 5.746 True
0_393578 46.5701 46.3289 5.1913 5.0557 10.247 3217.887 11.881 0.55681 55.1941 40.1959 0.9983 0.9991 138.7 0.3679 19.35 86.69 18.28 -13.67 5.191 5.207 True
0_399391 86.2632 69.3069 18.4111 9.4046 27.8157 7360.4526 22.104 0.13342 0.0 29.3968 1.0 1.0 4.437 0.0 0.0 33.3 -9.493 1.598 4.041 4.345 True
0_402532 83.8551 81.1101 11.3282 10.1005 21.4287 7666.4751 18.695 0.088529 16.1379 20.397 0.9996 0.9999 23.42 2.032 -7.066 27.22 8.078 3.328 4.119 4.164 True
0_441326 45.0838 44.9991 4.6983 4.6377 9.335999999999999 13987.6582 17.672 0.61505 59.4578 78.7888 0.9996 0.9968 140.0 -12.38 -7.538 77.48 -11.16 -23.64 5.287 5.293 True
0_449441 58.3548 55.3503 8.1974 6.6253 14.822700000000001 9076.2881 15.892 0.29079 32.0273 67.2252 0.9998 0.9997 64.46 5.52 -5.089 74.58 -22.92 5.865 4.641 4.763 True
0_534787 60.7466 60.6137 7.7337 7.6338 15.3675 373.9721 7.7873 0.38243 28.7688 26.4669 0.9998 1.0 95.96 6.193 -6.937 87.28 -19.21 2.445 4.588 4.592 True
0_545401 127.5168 94.6427 20.9277 12.4514 33.3791 7608.0361 25.428 0.012529 0.0 8.568 1.0 1.0 3.693 0.0 -0.0 13.99 2.709 0.3425 3.741 3.988 True
0_564038 56.8416 53.7717 8.6707 7.0137 15.6844 465.8897 7.6461 0.24389 23.4962 56.5374 0.9998 0.9985 80.59 -4.129 -8.211 72.46 7.442 -18.6 4.688 4.81 True
0_615491 48.3338 46.3398 6.5841 5.5171 12.1012 1133.8821 12.003 0.64829 5.632 12.2621 1.0 1.0 118.1 -1.983 -0.5499 126.3 -11.54 -0.9555 5.063 5.184 True
0_625412 43.6008 42.8701 4.8245 4.4489 9.273399999999999 10418.5146 28.702 0.82581 50.8689 102.3174 0.9988 1.0 132.8 -8.299 -14.54 110.2 -10.7 -0.3717 5.372 5.432 True
0_686163 48.4649 48.399 5.4596 5.4011 10.8607 3531.856 22.252 0.80327 53.0727 57.1136 0.9997 0.9989 114.0 -3.113 -8.57 152.0 -25.71 -20.86 5.086 5.09 True
0_791005 61.3775 58.7712 8.541 7.2596 15.8006 3136.4126 12.077 0.17032 14.4049 16.0168 0.9999 1.0 62.65 -0.1262 -3.802 63.24 0.7839 0.1151 4.553 4.643 True
0_796114 44.2901 44.2453 4.7237 4.679 9.4027 1126.2776 6.4754 0.22653 133.7957 56.2566 0.9921 0.9981 177.9 3.023 37.88 115.9 15.77 19.77 5.338 5.341 True
0_821989 68.9056 68.6699 8.3424 8.2067 16.5491 11117.957 16.997 0.10284 11.8098 22.7612 1.0 0.9999 45.49 2.842 0.7815 39.57 -9.511 2.462 4.385 4.392 True
0_829628 77.0528 70.4125 12.5996 9.0257 21.625300000000003 9221.6729 19.996 0.16901 6.3893 37.4929 1.0 0.9976 15.72 2.105 1.689 37.68 0.817 -15.5 4.2 4.338 True
0_831667 68.5674 65.7055 9.4383 8.0023 17.4406 9280.0479 16.692 0.015126 9.439 9.6725 0.9999 1.0 41.18 -0.3692 3.877 44.82 -2.153 0.1099 4.375 4.453 True
0_897892 81.6552 78.0652 11.3078 9.6885 20.996299999999998 11758.5352 20.988 0.17778 15.6626 27.5292 1.0 0.9998 15.64 -3.996 0.6082 39.61 -2.95 3.949 4.146 4.209 True
0_1017396 35.4331 33.3158 4.5469 3.1584 7.705299999999999 3704.9209 8.7407 0.45529 78.4857 169.8467 0.9992 0.9497 161.2 -5.093 15.2 128.2 84.61 -62.57 6.064 6.357 True
0_1075440 104.7284 81.5437 19.9973 10.744 30.7413 901.8237 13.887 0.040136 0.0 21.4213 1.0 0.9999 5.054 0.0 -0.0 35.28 -3.282 -3.851 3.87 4.143 True
0_1129213 36.2879 34.7311 4.1447 3.0679 7.2126 4014.926 7.1484 0.18755 104.1398 111.5281 0.9992 0.965 170.4 30.99 12.4 112.1 -22.43 -41.24 5.985 6.205 True
0_1292425 90.7937 88.7332 12.2631 11.3802 23.6433 2039.3217 14.527 0.12989 6.2253 12.3783 1.0 0.9998 16.94 2.634 -0.4758 23.58 -0.5876 -5.632 4.037 4.064 True
0_1383127 111.0001 97.9217 15.9049 12.4358 28.3407 3734.4116 19.01 0.022211 0.0 9.0659 1.0 0.9999 4.759 0.0 0.0 14.89 0.3368 3.809 3.848 3.967 True
0_1391820 84.6349 82.7271 11.2756 10.4012 21.6768 5049.7627 18.049 0.27254 14.7864 21.6305 0.9999 0.9999 21.19 -3.156 4.793 26.36 -8.258 -3.938 4.111 4.142 True
0_1392524 47.4481 47.2979 4.9431 4.8585 9.8016 8677.3965 11.412 0.26836 71.8358 115.6818 0.995 0.9871 109.2 -3.952 19.96 119.2 -7.03 -31.37 5.146 5.157 True
0_1405935 74.4556 74.3284 9.3078 9.2136 18.5214 3663.2336 14.519 0.23437 16.3587 16.1164 0.9997 0.9997 43.24 -1.119 6.946 44.69 -3.384 6.764 4.274 4.276 True
0_1487001 126.3225 124.3154 14.7408 14.3731 29.1139 3068.8643 18.53 0.013776 0.0 0.0 1.0 1.0 4.77 0.0 -0.0 4.705 -0.05863 -0.0 3.782 3.795 True
0_1506030 82.6225 76.5166 13.012 9.9032 22.9152 2993.4238 15.688 0.1619 9.7516 26.4632 0.9999 1.0 14.97 1.768 -3.85 32.31 10.15 -1.157 4.121 4.227 True
0_1516927 59.5006 52.8877 12.111 6.816 18.927 1607.0546 11.252 0.084713 2.4149 43.2192 1.0 0.9987 25.11 0.1189 1.104 73.6 -8.853 11.33 4.572 4.838 True
0_1517787 44.2947 44.259 4.4528 4.4244 8.8772 8834.4971 11.387 0.3735 46.547 114.6063 0.9986 0.9878 124.8 6.714 -11.84 100.6 28.22 28.29 5.343 5.346 True
0_1520406 89.4311 87.6068 11.6181 10.842 22.4601 10268.5664 21.474 0.19452 15.3512 14.8799 0.9999 0.9997 19.52 -6.124 3.614 20.81 -3.318 5.956 4.055 4.081 True
0_1617669 76.068 75.8489 9.6149 9.4809 19.0958 3758.7456 14.445 0.13449 23.08 21.5176 0.9995 1.0 38.76 1.546 -9.462 28.47 -6.589 -1.108 4.245 4.249 True
0_1623644 57.4952 55.2037 8.3082 7.0785 15.3867 239.2498 6.1696 0.15746 21.4708 64.7359 0.9999 0.9991 86.18 -6.089 5.092 108.8 -23.27 -15.03 4.671 4.762 True
0_1666943 35.0024 31.8188 8.484 7.9582 16.4422 4498.2192 2566.5 0.99903 33.7798 32.5344 0.9426 -0.6636 4.605 -4.785 3.422 17.4 6.348 0.2796 6.082 6.881 False
0_1729082 38.923 36.7484 5.6016 4.0075 9.609100000000002 4502.7134 286.07 0.99207 44.6763 55.5315 0.9981 -0.7662 18.62 8.906 -5.749 27.03 -11.34 1.657 5.695 5.924 True
0_1785750 61.2726 55.8541 11.5126 7.6343 19.146900000000002 130.3506 6.1858 0.16858 20.0426 17.9883 0.9999 1.0 35.89 1.116 -5.631 91.63 -9.054 0.1455 4.529 4.72 True
0_1788966 145.6708 144.0843 14.9522 14.7838 29.735999999999997 9758.0488 25.268 0.0074374 0.0 0.0 1.0 1.0 4.046 -0.0 0.0 3.945 0.02848 -0.0 3.712 3.718 True
0_1807018 79.0914 76.9312 11.279 10.1554 21.4344 403.8839 9.0683 0.16587 9.0762 14.9421 1.0 0.9999 31.36 2.564 2.564 46.5 -1.756 5.638 4.183 4.223 True
0_1838593 73.2874 70.3869 11.373 9.6876 21.0606 79.5773 5.9096 0.17636 8.7124 21.5932 1.0 0.9998 42.34 2.626 2.98 55.66 5.444 9.364 4.274 4.338 True
0_1839840 49.2296 48.9961 5.6154 5.4768 11.0922 1915.9233 11.896 0.60445 27.3243 67.6394 0.9999 0.9999 131.2 1.143 4.262 131.1 30.98 4.855 5.045 5.059 True
0_1849727 44.4062 44.2273 4.9692 4.8563 9.8255 725.3292 7.1422 0.47164 70.8537 26.4017 0.9987 1.0 158.2 8.764 19.79 108.3 -31.82 -1.775 5.325 5.338 True
0_1902390 54.951 54.8475 6.8787 6.7954 13.6741 308.4169 5.8995 0.020762 58.5741 20.5718 0.9996 0.9998 111.9 19.12 -11.54 67.99 9.273 5.939 4.786 4.79 True
0_1936478 89.861 72.2631 18.5874 9.548 28.135399999999997 2457.782 16.733 0.084723 0.0 11.2426 1.0 0.9999 4.943 0.0 -0.0 38.37 -2.816 2.418 4.0 4.293 True
0_1970442 44.5309 41.6431 6.405 4.2763 10.6813 7158.5894 11.078 0.18881 51.3341 36.903 0.9979 1.0 94.8 4.218 -18.86 97.1 -9.812 -0.5615 5.27 5.514 True
0_1995773 41.2262 41.1986 4.0494 4.0228 8.0722 5722.7334 9.3759 0.35805 71.6686 30.3652 0.9979 0.9996 165.1 2.945 16.22 115.8 25.16 -7.693 5.568 5.57 True
0_2077529 46.0088 41.4056 8.8572 5.4672 14.3244 1883.3213 12.999 0.5474 24.9618 16.8239 1.0 1.0 63.82 5.409 -2.466 116.1 4.349 1.84 5.154 5.468 True
0_2133978 149.6659 110.7856 20.1856 13.61 33.7956 7328.0679 25.609 0.023955 0.0 4.1972 1.0 1.0 3.699 0.0 -0.0 7.168 0.9938 1.051 3.665 3.868 True
0_2242312 76.0678 75.2879 9.4844 9.136 18.6204 11117.1113 19.273 0.2246 30.263 38.6475 0.999 0.9979 41.42 -4.922 10.98 41.17 -8.341 17.14 4.246 4.261 True
0_2287095 65.9989 56.9841 14.6151 7.7901 22.4052 11519.3652 22.645 0.29888 0.0 45.7054 1.0 0.999 5.566 0.0 0.0 35.79 1.899 9.136 4.39 4.671 True
0_2336785 55.7334 54.4225 7.2318 6.5819 13.8137 770.0281 8.3243 0.33438 49.2024 49.0619 0.9997 0.9999 95.47 -16.73 -8.631 108.9 2.85 5.722 4.747 4.804 True
0_2386103 90.0266 71.3625 19.0983 9.3941 28.492399999999996 8401.7549 23.16 0.1243 0.0 15.7626 1.0 0.9998 4.24 -0.0 -0.0 32.23 3.825 3.189 3.998 4.31 True
0_2425912 133.626 127.9964 15.2927 14.501 29.7937 8776.6641 24.624 0.011387 0.0 0.0 1.0 1.0 4.093 0.0 -0.0 4.086 -0.0429 -0.0 3.745 3.776 True
0_2428901 36.632 33.7772 5.5401 3.3049 8.844999999999999 1564.2982 8.1037 0.49735 40.7111 78.5621 0.9998 0.996 153.3 12.43 -6.78 177.5 39.22 23.5 5.916 6.282 True
0_2451001 81.4107 75.5767 13.3487 9.9069 23.2556 409.506 9.4727 0.099981 5.5193 25.1742 1.0 0.9996 13.66 -1.787 -1.9 45.39 7.137 -8.991 4.135 4.243 True
0_2506652 104.9696 78.7149 21.5566 11.0246 32.581199999999995 3650.6646 20.573 0.069877 0.0 3.9699 1.0 1.0 4.163 -0.0 -0.0 22.7 -0.9528 0.4683 3.866 4.171 True
0_2538741 61.6662 55.5416 11.2099 7.1769 18.3868 12436.4141 20.186 0.3017 11.1101 38.7269 1.0 0.998 28.95 -4.326 -0.6742 51.75 -0.6055 -13.84 4.517 4.736 True
0_2594881 78.9546 77.1645 10.3847 9.5848 19.9695 7128.6226 17.998 0.20841 9.8325 14.0988 1.0 0.9998 26.69 0.4967 1.467 39.37 -3.309 4.601 4.192 4.225 True
0_2598294 97.4852 83.3866 17.0082 11.6339 28.6421 114.2885 7.9061 0.028887 0.0 10.812 1.0 1.0 7.152 0.0 0.0 33.66 0.5446 1.019 3.938 4.114 True
0_2608268 63.866 56.1482 13.0191 7.174 20.1931 11965.8916 19.616 0.085975 7.7079 53.9816 0.9999 0.9999 10.49 1.142 -3.367 66.3 8.538 -1.706 4.45 4.714 True
0_2624914 41.1009 40.3487 4.3649 3.9756 8.340499999999999 6416.3057 9.2063 0.23599 75.1528 69.7892 0.9979 0.992 157.3 -1.814 -16.09 110.3 3.977 -31.13 5.559 5.634 True
0_2631866 44.4081 43.3343 5.043 4.5018 9.5448 12905.6797 19.422 0.66811 44.7576 39.052 1.0 0.9988 132.1 -1.15 0.3623 110.1 2.085 15.22 5.313 5.397 True
0_2640000 85.0022 84.8225 11.1096 10.9816 22.0912 1053.9141 11.761 0.14833 9.8835 6.0485 1.0 1.0 31.73 3.392 -2.391 27.87 -0.2882 1.315 4.109 4.112 True
0_2687669 62.7719 62.6283 7.824 7.7239 15.5479 1252.0317 10.29 0.33488 52.184 21.8204 0.9999 1.0 67.25 -18.88 5.199 68.17 -8.773 -2.369 4.533 4.537 True
0_2712841 56.0493 55.9236 7.0822 6.9795 14.0617 329.5837 7.1664 0.40149 12.6406 38.4343 1.0 0.9996 109.1 1.771 -2.389 77.53 29.13 12.44 4.745 4.75 True
0_2754219 145.0049 129.1014 16.692 14.5353 31.2273 926.6641 14.459 0.025407 0.0 0.0 1.0 1.0 5.193 0.0 -0.0 5.521 0.07591 -0.0 3.696 3.773 True
0_2760851 143.3454 139.3531 14.7992 14.4268 29.226 13769.6182 27.268 0.033399 0.0 0.0 1.0 1.0 3.937 -0.0 0.0 3.978 -0.02338 0.0 3.723 3.739 True
0_2783979 80.0976 80.0228 9.7704 9.7121 19.4825 10255.7959 18.922 0.12881 16.9698 29.2234 1.0 0.9996 39.19 0.6205 1.839 38.32 -8.581 6.736 4.183 4.185 True
0_2847090 107.0527 91.5877 16.8673 12.3768 29.2441 672.9974 12.694 0.075892 0.0 9.2939 1.0 1.0 5.814 0.0 -0.0 14.28 -0.8864 -0.5639 3.866 4.021 True
0_2873960 35.0457 32.2842 5.2592 3.092 8.3512 941.8538 6.3512 0.4273 116.4795 80.5306 0.9998 1.0 192.4 25.33 -7.533 197.5 -42.67 -1.613 6.094 6.488 True
0_2914235 35.7051 32.4735 5.8262 3.0525 8.8787 5718.6772 8.8643 0.15372 39.0003 85.862 1.0 0.9905 114.2 13.73 1.91 120.0 8.375 17.82 6.011 6.462 True
0_2997211 61.902 61.6246 7.1863 7.0422 14.2285 10779.8535 17.366 0.39499 19.4665 64.6429 0.9998 1.0 50.67 -0.5938 4.478 68.18 3.536 -1.029 4.563 4.573 True
0_3047586 41.0806 39.3889 4.8573 3.9509 8.8082 4817.1558 10.81 0.49234 30.6586 136.7673 0.9999 0.9779 111.3 9.093 2.837 101.9 38.24 24.04 5.54 5.703 True
0_3077349 104.8111 94.2058 15.8974 12.8241 28.7215 189.2212 9.0765 0.03065 0.0 2.8773 1.0 1.0 6.853 0.0 0.0 15.48 0.1726 -0.4015 3.89 3.996 True
0_3104342 62.2758 57.2819 10.517 7.1698 17.686799999999998 1859.6693 11.301 0.12342 18.4655 41.2898 1.0 0.9986 38.87 7.494 0.8013 56.21 -9.19 13.13 4.508 4.686 True
0_3126877 44.7885 44.7197 4.6541 4.6014 9.2555 7554.0361 11.101 0.35132 111.6497 13.9918 0.9923 0.9998 147.5 9.696 -31.35 86.22 -13.09 5.034 5.306 5.311 True
0_3195650 41.6157 38.111 8.7573 5.1456 13.9029 6807.6479 90.639 0.94951 39.5316 108.8092 0.9991 0.7345 12.45 -11.72 4.726 53.04 -19.5 -7.198 5.445 5.955 True
0_3198710 41.9725 41.9448 4.2407 4.2107 8.4514 3697.0667 8.3238 0.2931 56.957 55.6197 1.0 0.9959 149.4 17.1 2.686 89.8 -38.2 17.37 5.508 5.51 True
0_3210676 102.0634 77.4444 20.8395 10.7563 31.5958 10382.8613 26.231 0.056616 0.0 1.4556 1.0 1.0 3.76 -0.0 0.0 22.02 0.03857 -0.3034 3.888 4.193 True
0_3288190 29.8763 18.0999 7.2212 5.7105 12.9317 3597.2329 1086.8 0.99804 35.8458 52.4095 0.9142 -0.9999 7.847 6.038 2.97 28.16 -10.43 0.01266 6.855 10.69 False
0_3306129 41.7899 41.2271 4.4437 4.139 8.582699999999999 13103.2109 10.751 0.049762 48.334 41.4864 0.9997 0.9971 139.6 -8.127 7.476 52.82 -15.45 -14.11 5.509 5.562 True
0_3347339 83.8328 71.4634 15.697 9.3605 25.057499999999997 13574.1387 24.035 0.10639 0.0 31.8596 1.0 0.9991 4.482 0.0 0.0 34.66 8.212 -7.488 4.083 4.31 True
0_3370431 84.3594 83.4303 10.9044 10.4859 21.390300000000003 3519.8137 15.214 0.0022013 12.6193 14.7391 1.0 0.9997 28.67 5.628 -0.3814 28.28 2.527 6.47 4.118 4.133 True
0_3512677 64.1793 59.261 11.2278 8.0959 19.323700000000002 140.7128 6.2485 0.077481 5.7511 27.9521 1.0 1.0 42.11 1.059 1.47 78.35 -5.06 2.941 4.457 4.609 True
0_3535374 86.651 85.8771 11.3506 10.9861 22.3367 1830.2056 13.707 0.17044 12.8842 7.2166 0.9999 0.9999 23.51 -1.158 -5.202 28.36 -1.695 3.492 4.089 4.1 True
0_3551301 36.1824 33.7242 4.7829 3.0703 7.853199999999999 11351.7217 11.823 0.46005 91.4136 118.1359 0.9991 0.9887 116.7 29.17 -10.55 100.5 27.49 -14.95 5.974 6.31 True
0_3646167 59.1106 55.7158 9.2187 7.1684 16.3871 744.0944 9.324 0.33038 16.1875 51.4897 0.9999 1.0 65.96 -1.527 -6.613 59.29 -5.043 0.4563 4.609 4.74 True
0_3662136 60.8359 56.5424 9.6193 7.2662 16.8855 3279.7278 12.773 0.1649 34.3689 9.0783 0.9999 1.0 53.37 -12.09 -5.329 56.36 5.258 1.319 4.554 4.705 True
0_3704538 100.1806 93.9401 14.145 11.7597 25.9047 10946.3154 23.665 0.10789 0.0 10.1993 1.0 1.0 4.597 0.0 -0.0 13.33 -2.622 1.44 3.94 4.008 True
0_3713466 52.3846 47.9028 9.0453 6.4072 15.452499999999999 4059.6499 14.015 0.37137 15.5434 64.1599 0.9998 0.9985 62.16 1.266 6.119 53.9 -16.63 -14.98 4.843 5.063 True
0_3851443 45.6661 44.6481 5.4155 4.9057 10.321200000000001 3321.572 10.831 0.4699 139.0287 45.775 0.9939 0.9964 113.7 21.78 -39.3 81.98 46.73 -18.53 5.231 5.302 True
0_3911480 79.7383 73.119 13.4386 9.5208 22.9594 803.2069 11.022 0.049654 5.8215 19.4716 1.0 1.0 13.73 1.012 -1.994 49.14 -4.056 1.685 4.156 4.287 True
0_3917382 63.2157 61.5752 9.0096 8.1075 17.1171 169.0044 6.2419 0.21338 49.4213 28.0732 0.9995 0.9997 65.94 -12.1 13.93 71.78 -4.058 -9.36 4.505 4.557 True
0_3965084 97.3082 96.9617 12.2763 12.1011 24.3774 5358.4072 18.72 0.053996 7.0906 4.8371 0.9999 1.0 15.5 -0.1381 3.348 13.18 1.667 0.9968 3.978 3.981 True
0_3984037 82.0297 74.6493 14.2817 10.0608 24.3425 417.97 9.8534 0.11073 0.0 13.3793 1.0 0.9999 7.254 0.0 -0.0 39.66 1.285 4.739 4.121 4.253 True
1_40336 146.7401 146.0839 15.7653 15.6648 31.4301 828.7413 14.143 0.024171 0.0 0.0 1.0 1.0 5.252 0.0 0.0 5.208 0.08018 0.0 3.694 3.696 True
1_55679 46.6949 46.6794 5.2859 5.2288 10.5147 699.0505 7.5235 0.48137 110.6757 43.8872 0.9945 0.999 158.8 3.845 -38.47 125.8 -42.42 -17.45 5.182 5.186 True
1_87120 62.7819 61.6641 8.3887 7.8176 16.2063 405.1787 7.8488 0.30784 22.0482 53.1087 0.9999 0.9995 81.76 1.038 5.696 86.85 14.36 12.15 4.524 4.559 True
1_139243 38.7964 34.8714 7.3624 3.7982 11.1606 962.7295 7.2472 0.32171 56.4175 98.841 0.9999 0.992 98.48 -19.26 6.766 150.9 38.13 27.59 5.689 6.119 True
1_186657 107.1021 88.9443 17.5201 11.8081 29.3282 1433.5569 15.324 0.07195 0.0 2.1582 1.0 1.0 5.206 0.0 0.0 20.41 -0.9105 0.2667 3.862 4.051 True
1_229370 43.99 39.7759 8.0408 4.5409 12.581700000000001 2352.2317 9.8294 0.29528 61.5747 67.6319 0.9998 0.9965 68.3 -21.26 7.601 105.2 9.392 -14.78 5.284 5.631 True
1_229612 80.8564 72.4302 15.289 10.1311 25.420099999999998 40.3306 5.5572 0.1439 0.0 21.9592 1.0 1.0 9.374 -0.0 0.0 48.12 -2.111 0.8469 4.13 4.29 True
1_235756 88.0489 70.3851 18.8318 9.9869 28.8187 2048.9832 16.253 0.051566 0.0 31.0747 1.0 0.9988 4.989 0.0 0.0 35.65 -2.139 10.24 4.02 4.315 True
1_254065 45.3252 44.652 5.0719 4.7031 9.775 11026.0625 13.733 0.44111 72.6633 67.1896 0.9967 0.9987 132.7 -7.451 -23.49 60.75 8.762 -13.26 5.259 5.31 True
1_254545 46.6521 43.0932 7.8408 5.0333 12.874099999999999 149.7007 4.6479 0.074248 56.3731 81.7286 1.0 0.9991 110.9 22.06 4.33 151.6 -29.07 -12.63 5.131 5.383 True
1_276381 52.108 51.5072 5.9623 5.6757 11.638 10539.1807 13.343 0.22117 38.747 66.25 0.9987 0.9991 81.61 2.502 13.14 79.3 -42.97 8.234 4.907 4.938 True
1_308060 40.6635 39.9058 4.4081 3.8802 8.2883 10327.3086 16.813 0.67729 70.7897 89.1489 0.9999 0.9172 96.29 12.97 -3.356 69.05 2.7 25.4 5.588 5.703 True
1_315817 59.4388 57.4891 8.0878 7.0372 15.125 3218.197 12.564 0.31195 24.2968 59.2301 1.0 0.9989 65.12 6.031 -0.2002 41.66 -6.935 -12.97 4.615 4.689 True
1_387944 94.9985 75.3908 19.0355 10.3086 29.344099999999997 3466.8501 18.934 0.096553 0.0 10.5739 1.0 0.9999 4.695 0.0 -0.0 26.22 -0.5319 -2.434 3.95 4.23 True
1_400739 65.8616 65.1063 8.2577 7.8797 16.1374 3873.7737 12.885 0.15161 24.548 37.0337 1.0 0.9999 62.83 -8.399 1.798 51.59 14.12 -2.743 4.45 4.472 True
1_414611 40.9721 37.1175 7.1354 3.6958 10.831199999999999 8555.5127 11.426 0.16211 45.3324 106.8042 0.9989 0.9992 85.96 -7.554 12.6 134.4 -38.47 -6.966 5.507 5.905 True
1_441628 45.8883 44.9044 5.3136 4.7256 10.039200000000001 4455.3804 12.771 0.5608 44.3574 58.2861 0.9998 0.9972 135.7 0.9279 5.035 122.5 4.879 -24.67 5.22 5.294 True
1_542107 58.7869 57.5876 7.4506 6.8295 14.280100000000001 4870.9844 14.391 0.41092 31.7462 32.7818 0.9995 0.9987 74.49 -8.216 -9.616 64.85 12.35 15.13 4.644 4.691 True
1_660878 87.0381 82.4739 12.6173 10.5345 23.1518 3174.9011 15.725 0.039558 5.1165 10.529 1.0 0.9999 16.86 0.3744 1.42 30.18 2.178 -3.343 4.073 4.141 True
1_755722 78.9516 73.8276 11.8494 9.2239 21.0733 11959.0342 20.752 0.12004 3.8574 14.7664 1.0 0.9998 18.72 -1.431 -1.063 32.09 -3.64 3.782 4.177 4.28 True
1_777852 97.2076 96.4871 12.1605 11.8543 24.0148 13176.4883 23.305 0.052947 6.0134 6.6229 1.0 1.0 12.34 1.034 0.9675 11.9 -2.143 -1.364 3.979 3.987 True
1_989004 73.23 73.0662 9.7648 9.6423 19.4071 331.0149 7.8765 0.096639 28.1289 6.8693 0.9997 1.0 45.57 1.762 9.133 43.43 1.163 -0.67 4.291 4.294 True
1_1001275 51.1439 44.5323 22.0007 4.2691 26.269799999999996 1018.7449 120.33 0.97207 0.0 134.5882 1.0 0.9433 0.9262 -0.0 -0.0 41.04 -0.4791 1.309 4.835 5.326 True
1_1012659 39.9332 39.8852 3.9544 3.9137 7.8681 1787.724 6.0977 0.07646 74.2817 99.4055 0.9998 0.9861 191.5 17.33 5.909 121.1 -15.93 -43.84 5.674 5.679 True
1_1083534 92.2261 90.1898 12.392 11.4949 23.886899999999997 2133.1477 14.673 0.084337 5.7033 13.5101 1.0 0.9997 16.46 0.2083 2.642 21.12 -0.7523 -6.461 4.022 4.048 True
1_1152653 131.9281 120.8218 15.5433 14.1904 29.7337 2908.5103 18.58 0.032245 0.0 0.0 1.0 1.0 4.736 0.0 0.0 4.929 -0.02754 -0.0 3.753 3.813 True
1_1172545 104.136 103.8172 14.1175 14.0281 28.1456 114.5235 7.8757 0.0094332 0.0 0.0 1.0 1.0 7.449 0.0 -0.0 7.245 0.06564 -0.0 3.913 3.916 True
1_1201150 45.1202 45.0887 4.7581 4.7243 9.4824 2645.8787 9.3729 0.44556 43.5617 75.2516 0.9996 1.0 123.9 -2.234 -8.675 116.2 53.23 2.07 5.284 5.286 True
1_1219724 35.3104 34.7984 3.3625 3.0097 6.372199999999999 12060.9795 9.2512 0.31928 113.1556 61.4059 0.9999 0.9994 180.6 13.32 2.906 148.9 -0.9416 -7.784 6.122 6.242 True
1_1232639 54.7072 52.764 7.2554 6.3445 13.5999 7364.5918 13.56 0.20166 32.1682 51.2426 0.9994 0.9994 78.28 -4.941 11.22 39.51 -14.22 8.501 4.78 4.866 True
1_1255187 44.4197 43.8605 4.8686 4.5615 9.4301 3071.3311 11.095 0.561 93.5721 76.5176 0.9999 0.9993 138.5 -31.45 -3.913 166.4 28.34 -13.12 5.321 5.366 True
1_1276383 55.1024 54.4888 6.4186 6.1699 12.5885 5141.0845 11.537 0.16462 29.6745 88.5251 1.0 0.998 87.91 1.544 -0.2846 109.7 -23.34 16.49 4.784 4.81 True
1_1319005 64.4374 61.1795 9.2954 7.6225 16.9179 6587.6797 16.66 0.3386 18.309 41.7041 1.0 1.0 54.5 3.54 1.569 37.43 -9.137 0.9811 4.468 4.568 True
1_1378963 40.1868 39.805 4.0219 3.8268 7.848699999999999 7309.188 9.9871 0.38623 81.2583 61.6531 0.996 0.9993 158.4 8.085 -23.02 123.0 53.75 -9.702 5.647 5.687 True
1_1384093 125.5011 113.0063 15.8411 13.5045 29.3456 10565.2871 25.504 0.022711 0.0 4.735 1.0 1.0 4.017 0.0 -0.0 8.433 1.045 -0.5656 3.773 3.86 True
1_1405042 40.3671 39.1606 4.6551 3.9647 8.6198 2261.4917 6.9723 0.1224 50.4006 96.6261 1.0 0.9848 161.6 -15.75 -2.553 93.29 -25.55 36.28 5.607 5.729 True
1_1470143 46.2398 44.9093 5.5605 4.8202 10.380700000000001 3421.937 9.6263 0.31311 66.0573 62.0442 1.0 0.9951 131.6 16.86 -0.8847 106.2 -12.49 27.46 5.193 5.288 True
1_1472798 44.6712 44.6375 4.891 4.8496 9.7406 412.5494 6.1536 0.47178 88.421 127.9085 0.9999 0.9989 189.3 10.77 -4.982 160.5 -40.1 -19.04 5.309 5.311 True
1_1489331 84.6457 72.1837 15.9846 9.443 25.427599999999998 2309.8772 15.462 0.098646 0.0 25.0711 1.0 0.9996 5.504 0.0 0.0 42.15 6.332 6.28 4.072 4.298 True
1_1577030 39.3321 35.968 6.3228 3.6166 9.9394 12716.0859 15.802 0.53835 23.5399 96.95 1.0 0.9993 95.81 2.924 2.709 128.2 68.88 8.683 5.652 6.022 True
1_1660406 51.1248 48.9652 7.2703 5.9702 13.2405 399.9136 7.7745 0.48446 55.7385 63.4963 0.9988 0.9996 106.4 -0.01711 -21.24 130.4 45.15 12.49 4.922 5.041 True
1_1692862 65.4015 62.9922 8.9936 7.7842 16.7778 4214.3853 14.459 0.30334 18.9356 29.2476 0.9999 0.9998 46.13 -6.014 3.648 66.88 0.6556 5.448 4.448 4.522 True
1_1693116 79.6082 79.4906 10.021 9.931 19.951999999999998 5042.8301 17.384 0.31524 21.9083 12.1117 1.0 1.0 29.77 -7.38 -2.127 36.58 6.889 -1.593 4.188 4.189 True
1_1696984 83.4886 74.6897 14.2843 9.2511 23.5354 12419.7148 22.893 0.17001 0.0 22.3198 1.0 0.9997 4.997 0.0 0.0 28.05 -4.108 -5.226 4.101 4.263 True
1_1707357 89.0925 88.8756 12.4392 12.2807 24.7199 110.5609 7.1675 0.11769 8.1671 9.3804 1.0 1.0 21.69 1.951 2.888 25.92 -4.233 -0.9978 4.055 4.057 True
1_1727674 39.6302 35.7901 7.2739 3.8247 11.098600000000001 411.698 5.3624 0.12597 53.4423 94.8006 0.9999 0.9987 121.4 -15.48 -4.163 168.2 -14.78 -11.25 5.617 6.023 True
1_1741947 41.0825 41.0452 4.1397 4.1039 8.2436 3646.3225 8.85 0.40984 57.1285 59.1303 0.9999 0.9999 151.0 4.185 -4.376 86.72 65.13 2.319 5.576 5.58 True
1_1742825 133.0145 132.3778 14.4102 14.3193 28.7295 6267.5483 21.997 0.027459 0.0 0.0 1.0 1.0 4.414 -0.0 0.0 4.376 0.072 0.0 3.762 3.765 True
1_1763248 87.0982 81.3237 13.1996 10.3024 23.502000000000002 4275.6948 17.327 0.12371 0.7803 25.3164 1.0 0.9993 11.37 -0.01105 -0.3036 22.91 -0.8713 9.101 4.068 4.158 True
1_1782937 92.5241 92.3391 12.1734 12.0407 24.214100000000002 696.8721 11.189 0.080167 7.5909 12.1776 1.0 1.0 22.99 2.335 0.6263 25.43 -3.366 1.319 4.021 4.023 True
1_1802166 127.1066 117.1535 15.6186 13.8836 29.502200000000002 6336.0186 22.479 0.02443 0.0 3.0987 1.0 1.0 4.288 0.0 0.0 5.393 1.015 0.8487 3.768 3.835 True
1_1866240 46.9295 45.7171 5.8998 5.232 11.1318 624.5688 6.0801 0.092195 55.1414 64.4561 1.0 0.9974 133.3 -19.76 -1.458 94.06 -24.82 -18.4 5.15 5.231 True
1_1911857 40.1907 40.088 3.9024 3.84 7.7424 7618.0356 12.25 0.57088 121.6774 80.3408 0.9946 1.0 140.5 -21.49 -28.94 118.6 -76.46 -1.902 5.654 5.665 True
1_1932882 91.8637 91.5836 11.7982 11.6382 23.4364 1893.9441 14.036 0.079423 18.551 6.9604 0.9998 1.0 27.16 -0.883 5.88 24.06 -0.4205 -2.295 4.03 4.033 True
1_1942360 65.9139 65.2817 8.3986 8.0675 16.4661 1475.1514 10.367 0.18121 26.3673 21.3811 0.9998 1.0 71.05 3.416 -5.676 59.81 15.41 2.856 4.448 4.466 True
1_1944084 42.4788 40.4004 5.7249 4.2734 9.9983 1316.5356 6.8995 0.18392 47.5554 34.8754 0.9995 1.0 148.9 11.11 12.92 94.41 -21.06 1.199 5.423 5.612 True
1_1945975 42.8365 41.857 4.9625 4.4227 9.385200000000001 807.8085 5.703 0.085398 39.762 75.565 0.9999 0.9973 164.0 -5.665 -3.908 126.1 16.05 -18.84 5.418 5.503 True
1_1958318 114.3111 106.4419 15.3129 13.6631 28.976 804.3354 13.192 0.018471 0.0 2.7709 1.0 1.0 5.646 0.0 0.0 8.936 0.6181 0.006416 3.834 3.898 True
1_1978693 113.8094 107.565 15.0644 13.8226 28.887 769.1572 13.022 0.02682 0.0 4.0475 1.0 1.0 5.692 0.0 0.0 8.221 -0.6877 1.193 3.84 3.89 True
1_1981836 50.1985 49.7373 5.8491 5.6181 11.4672 2929.5291 14.174 0.63047 82.1493 64.7223 0.9999 0.9981 118.0 29.24 -5.163 119.6 -30.59 25.08 4.992 5.018 True
1_1993016 53.2146 48.4413 9.5118 6.3338 15.8456 2620.4463 12.351 0.32532 27.5795 49.9627 1.0 0.9976 43.86 -4.017 1.627 83.55 -22.65 18.22 4.803 5.04 True
1_2012362 87.9964 77.8293 14.8561 9.8171 24.6732 7460.9653 20.689 0.14604 0.0 18.2496 1.0 1.0 5.069 0.0 0.0 26.71 5.193 -1.281 4.043 4.209 True
1_2016746 73.4491 73.2622 9.1809 9.0622 18.2431 3782.9917 13.904 0.1099 11.0667 17.7058 1.0 0.9995 41.32 2.002 -0.2929 39.48 4.181 7.234 4.292 4.296 True
1_2020653 112.9391 95.7259 16.4093 12.2066 28.615900000000003 10967.7559 25.192 0.038496 0.0 8.3413 1.0 1.0 4.105 0.0 0.0 16.18 -1.944 -0.8613 3.834 3.985 True
1_2068659 104.122 100.839 13.637 12.3801 26.0171 11056.5342 23.679 0.065133 3.4106 6.5585 1.0 1.0 6.292 1.229 -1.112 14.24 -2.2 1.319 3.915 3.948 True
1_2069582 48.188 44.276 7.93 5.5952 13.5252 5095.7681 12.152 0.18853 58.1293 53.6083 0.9993 0.9983 53.98 4.449 -12.56 70.34 -32.42 -9.949 5.044 5.284 True
1_2180830 98.3957 98.0973 13.1841 13.0056 26.189700000000002 402.8882 10.311 0.059686 1.6198 3.9682 1.0 1.0 13.47 0.4581 0.2411 16.14 0.537 0.1702 3.962 3.965 True
1_2191107 108.2619 103.0492 14.3872 13.2269 27.6141 1352.8945 14.544 0.057007 0.0 4.0197 1.0 1.0 5.595 0.0 -0.0 9.281 0.03842 -1.456 3.883 3.925 True
1_2202492 65.3352 58.6887 11.7791 7.3024 19.0815 11928.3408 19.033 0.11493 7.7291 60.7659 1.0 0.9998 21.73 1.069 -0.4992 65.27 -11.16 -2.667 4.421 4.637 True
1_2239657 90.0331 84.6055 13.2936 10.6882 23.9818 5158.5547 18.523 0.13598 4.3809 18.3116 1.0 1.0 8.028 -0.1147 0.04332 18.85 -2.997 -2.007 4.036 4.114 True
1_2277145 37.8001 35.2356 5.1957 3.1947 8.3904 9664.7676 12.098 0.47627 14.0057 69.0987 1.0 0.994 123.5 -2.047 0.8749 123.4 -28.26 18.82 5.806 6.131 True
1_2303324 37.4133 37.0537 3.6585 3.4884 7.1469000000000005 4163.687 17.177 0.8065 124.1897 86.4233 0.9925 0.9999 197.0 8.765 -35.68 224.9 -9.716 4.655 5.904 5.948 True
1_2336274 78.1277 77.9578 9.665 9.5587 19.2237 9638.4668 19.312 0.25635 13.9509 14.2118 1.0 0.9999 40.17 4.122 0.06263 29.25 -1.72 4.633 4.212 4.215 True
1_2338531 86.4531 85.539 11.1368 10.7305 21.8673 3939.1885 16.025 0.087721 9.9385 12.4446 1.0 1.0 23.95 -3.888 1.954 26.92 -3.193 -2.468 4.092 4.106 True
1_2361758 69.8037 69.7028 9.1978 9.1039 18.3017 279.0754 7.5041 0.22591 22.4047 19.1954 0.9998 1.0 63.9 -4.967 -8.125 65.24 -0.813 -0.5185 4.359 4.361 True
1_2394788 62.2302 60.6845 7.9522 7.2432 15.1954 13623.0137 17.052 0.16593 34.1932 30.0317 0.999 0.9982 52.02 -2.196 12.4 40.67 -2.385 11.85 4.541 4.592 True
1_2435470 58.6395 58.5401 7.401 7.3163 14.7173 199.1886 5.8532 0.22861 14.6364 71.6761 0.9999 0.9987 101.3 -1.275 4.245 112.7 -10.01 -19.03 4.654 4.657 True
1_2440076 39.7539 36.0966 7.0655 3.8495 10.915 1524.7516 8.2528 0.3608 22.255 73.2162 1.0 0.997 116.2 -3.084 4.153 109.3 -21.2 -19.47 5.609 5.993 True
1_2559183 38.763 38.6926 3.7921 3.7413 7.5334 1345.3909 6.3131 0.38534 57.5217 74.2198 0.9993 0.999 197.3 -10.31 -11.63 139.7 9.701 11.84 5.779 5.787 True
1_2563652 107.5076 100.9516 14.6212 12.8063 27.427500000000002 3509.0901 18.378 0.068148 0.0 3.8172 1.0 1.0 4.993 0.0 -0.0 10.72 0.7513 -0.8376 3.883 3.942 True
1_2566988 46.1181 44.9318 5.7207 5.0002 10.7209 3708.2314 47.01 0.92536 19.4992 40.9994 0.9999 0.9998 140.6 -3.967 5.32 143.0 4.614 -9.764 5.199 5.284 True
1_2577339 99.9468 99.7911 12.3863 12.2872 24.6735 7716.6279 20.705 0.033624 10.9309 6.2366 0.9999 0.9999 17.31 1.566 -3.228 14.47 -0.8248 -2.748 3.956 3.957 True
1_2629702 108.9613 93.2314 16.8997 12.6136 29.5133 709.9564 12.941 0.061854 0.0 7.6151 1.0 1.0 5.713 0.0 0.0 13.25 1.835 -0.5845 3.853 4.003 True
1_2682338 49.7882 49.5318 5.7028 5.5697 11.2725 6292.001 22.396 0.75118 39.0075 65.7912 1.0 0.9978 115.9 14.1 0.5418 86.17 34.92 -25.77 5.015 5.029 True
1_2718272 98.1837 97.8926 13.0406 12.8668 25.9074 581.3187 11.236 0.073979 7.2766 4.0627 1.0 1.0 12.72 3.37 -0.4788 15.96 1.104 -1.448 3.965 3.968 True
1_2737672 47.9502 45.7494 6.2067 4.9249 11.131599999999999 13326.8604 13.084 0.050803 31.8709 39.5419 0.9993 0.9988 88.78 -4.822 8.904 81.43 1.224 8.467 5.084 5.232 True
1_2741679 38.5111 37.4314 3.8737 3.2422 7.1159 1556.3906 24.745 0.91518 184.1349 51.9727 0.9958 0.9989 104.5 -16.33 2.708 36.49 -23.27 1.036 5.78 5.922 True
1_2776397 85.9828 77.2837 14.76 10.4045 25.1645 560.9694 10.931 0.132 0.0 9.3582 1.0 1.0 6.814 0.0 -0.0 34.18 -2.275 0.0523 4.068 4.209 True
1_2788590 61.5616 61.4104 7.2284 7.1368 14.3652 6600.3643 13.46 0.1325 36.7711 31.0944 0.9992 1.0 74.56 2.954 9.765 66.33 1.924 0.153 4.572 4.577 True
1_2801719 131.018 128.5386 14.9245 14.6057 29.5302 8428.8193 24.209 0.0060947 0.0 0.0 1.0 1.0 4.15 0.0 -0.0 4.063 0.02417 -0.0 3.759 3.772 True
1_2821356 37.9371 34.325 6.6941 3.7123 10.4064 1858.182 8.1544 0.32143 59.4971 48.2774 1.0 0.9977 133.2 1.397 3.145 139.7 6.973 16.62 5.774 6.185 True
1_2838960 109.9662 107.2589 15.4526 14.8774 30.33 13.7612 4.5552 0.024299 0.0 0.0 1.0 1.0 9.429 -0.0 -0.0 9.505 -0.117 -0.0 3.861 3.882 True
1_2859754 66.0161 62.4172 9.5926 7.4582 17.0508 11576.3076 17.476 0.097164 18.4222 22.7673 0.9998 0.9999 40.1 6.347 -4.84 42.73 9.412 -3.175 4.426 4.541 True
1_2871425 115.8255 88.694 19.976 11.392 31.368 10086.3135 26.034 0.030082 0.0 13.6746 1.0 1.0 3.743 0.0 -0.0 20.1 -4.396 -0.2569 3.8 4.056 True
1_2879934 59.1135 56.0252 8.5879 6.9843 15.572199999999999 3216.7019 13.008 0.33451 12.0362 27.709 1.0 0.9994 61.83 -3.803 -2.161 75.85 2.132 9.89 4.615 4.733 True
1_2888843 62.3215 58.6461 9.0633 6.8208 15.8841 11069.4004 16.71 0.17888 27.4361 21.1763 1.0 0.9996 53.92 5.358 -0.215 63.89 5.275 6.467 4.52 4.656 True
1_2907861 81.9803 72.9125 14.3648 9.33 23.6948 8780.0947 20.862 0.13773 0.0 17.9337 1.0 1.0 5.049 -0.0 0.0 35.43 6.877 -0.07434 4.119 4.289 True
1_2917105 79.6611 76.7224 11.3549 9.8524 21.2073 1601.7454 12.931 0.21286 6.98 38.2687 1.0 0.9989 29.3 -3.146 0.04057 29.9 6.769 -14.68 4.173 4.229 True
1_2926919 109.9563 107.9645 14.0832 13.4672 27.5504 3518.2673 18.415 0.037232 0.0 1.4482 1.0 1.0 4.931 0.0 -0.0 8.024 0.2516 -0.5429 3.874 3.89 True
1_2993721 88.9444 75.579 16.3519 9.8232 26.1751 1558.0208 14.41 0.12439 0.0 5.1169 1.0 1.0 5.726 0.0 0.0 35.77 -0.2981 -0.1063 4.022 4.24 True
1_3022361 91.4178 91.3022 11.4598 11.3721 22.831899999999997 6268.4316 18.721 0.11304 18.6707 13.5875 1.0 0.9998 14.83 -5.914 0.3751 22.98 5.358 -4.294 4.037 4.038 True
1_3041334 37.9334 37.6973 3.5045 3.3322 6.8367 7170.5503 10.573 0.54363 82.7355 128.6773 0.9981 0.9573 140.1 -21.17 13.12 107.4 21.85 -30.52 5.861 5.89 True
1_3145556 44.2685 43.5536 4.926 4.5804 9.5064 4300.4844 11.725 0.53421 67.6461 76.0496 0.9983 0.9971 149.5 -0.8298 -16.32 108.9 -9.633 23.7 5.328 5.383 True
1_3151439 47.1889 45.7752 5.7708 5.0177 10.788499999999999 2057.7212 9.6468 0.44153 54.9621 91.7934 0.9989 0.9909 95.16 -1.768 -14.27 101.3 -23.35 21.43 5.135 5.231 True
1_3201191 63.7222 58.3483 10.7802 7.4538 18.234 1798.1771 11.424 0.1026 2.5228 54.7653 1.0 0.9987 35.54 0.1598 -0.1794 73.93 5.134 11.0 4.469 4.645 True
1_3212585 35.2325 33.2107 4.3613 3.0644 7.4257 6413.1167 16.474 0.75419 52.2662 116.8702 0.9994 0.9916 156.4 -3.387 -11.31 196.2 63.4 34.8 6.091 6.378 True
1_3220873 83.035 80.1713 11.4574 10.1668 21.624200000000002 2674.7146 14.517 0.12533 11.9905 21.1807 1.0 1.0 26.93 -3.998 2.401 39.98 6.08 0.3231 4.129 4.176 True
1_3237584 65.3144 61.4286 9.8526 7.7596 17.6122 5119.3286 15.488 0.27704 19.5393 13.7982 1.0 1.0 42.17 -8.174 2.188 49.18 2.989 -0.5668 4.439 4.558 True
1_3268476 54.7485 54.1284 6.3669 6.0654 12.432300000000001 13540.2715 15.748 0.3199 33.7839 26.0767 0.9991 0.9999 80.77 -6.854 10.35 70.14 -4.801 3.017 4.797 4.826 True
1_3335666 36.1719 33.0809 5.7299 3.2495 8.9794 11936.4004 11.437 0.27973 68.9186 100.0074 1.0 0.9989 127.4 24.28 -0.4404 83.14 39.84 -8.634 5.962 6.368 True
1_3354207 54.1454 54.0891 6.4357 6.3789 12.814599999999999 1058.8457 9.1641 0.42531 68.7478 39.0655 0.9972 1.0 112.1 3.422 -25.45 102.5 34.24 3.803 4.822 4.824 True
1_3360421 114.0705 100.4338 16.1608 13.0288 29.1896 2040.0177 16.736 0.038682 0.0 3.2603 1.0 1.0 5.039 0.0 -0.0 10.27 -0.273 1.113 3.828 3.942 True
1_3436360 73.6047 67.911 11.6729 8.5446 20.2175 4544.2837 15.745 0.14 9.5639 51.4422 0.9999 0.9995 19.17 -1.455 -3.567 57.57 7.042 -5.528 4.261 4.395 True
1_3524241 72.4797 64.5843 13.4692 8.1334 21.602600000000002 7616.8994 18.755 0.15069 3.6068 19.0467 1.0 0.9995 9.114 -0.9875 -1.271 42.16 1.367 -6.481 4.269 4.47 True
1_3565082 45.8247 45.7504 5.1639 5.0989 10.2628 882.9567 9.7696 0.6368 54.3743 35.4418 0.9994 0.9996 151.0 -10.68 13.58 131.1 33.85 11.07 5.235 5.24 True
1_3576563 50.7977 48.3708 7.2173 6.0888 13.3061 1238.4259 9.3422 0.36954 29.9168 31.315 0.9996 0.999 93.82 -1.788 -10.49 83.83 18.38 13.92 4.935 5.06 True
1_3584992 43.3423 43.2999 4.4409 4.4032 8.844100000000001 3907.5322 10.255 0.48789 74.9732 48.5866 0.9997 0.9986 125.7 16.59 -7.896 76.4 15.31 -7.037 5.405 5.409 True
1_3591177 40.1752 38.9139 4.5648 3.7723 8.3371 3918.2336 14.752 0.72699 97.295 131.9722 0.9993 0.9999 178.7 -14.27 10.72 161.8 -52.07 -5.062 5.624 5.759 True
1_3598662 60.0841 57.2002 8.5381 7.0686 15.6067 5454.1572 15.826 0.41234 14.0561 12.7852 1.0 1.0 54.32 3.04 -1.207 61.34 10.17 -2.702 4.588 4.693 True
1_3610348 73.7834 68.2496 13.7387 9.9759 23.714599999999997 18.9923 4.2253 0.1407 4.2492 19.9274 1.0 1.0 20.15 -0.7498 -1.85 59.0 4.281 -0.2508 4.25 4.371 True
1_3654023 144.1063 139.7586 15.6964 15.1682 30.864600000000003 3368.7568 19.83 0.031342 0.0 0.0 1.0 1.0 4.48 0.0 0.0 4.553 0.0301 0.0 3.704 3.723 True
1_3668995 102.7949 102.4895 12.8128 12.6576 25.470399999999998 6590.5776 20.357 0.026713 1.3669 5.4137 1.0 1.0 10.69 0.09244 -0.3048 13.63 -0.6792 -0.9476 3.931 3.934 True
1_3687534 113.9918 110.0458 14.6033 13.8654 28.4687 1893.2103 16.151 0.021895 0.0 2.0121 1.0 1.0 5.168 0.0 0.0 6.416 0.6759 0.5576 3.844 3.875 True
1_3734377 55.667 51.6226 8.7642 6.1933 14.9575 9105.0059 15.28 0.20173 20.5488 43.7631 0.9996 0.9985 57.01 2.25 -8.014 55.87 10.23 11.91 4.722 4.911 True
1_3736799 40.5132 37.991 5.4936 3.879 9.3726 11205.5479 11.315 0.19364 22.5178 59.6964 0.9999 0.9921 122.3 0.9623 -4.711 91.29 3.991 -24.58 5.569 5.82 True
1_3738654 66.985 65.3875 8.9584 8.19 17.1484 2209.1045 12.047 0.23045 9.637 28.4173 1.0 0.9999 51.46 -2.095 1.24 50.03 -5.593 -3.276 4.416 4.46 True
1_3746829 129.0609 119.2288 15.4391 14.1716 29.6107 2833.0967 18.387 0.011568 0.0 0.0 1.0 1.0 4.766 0.0 -0.0 4.82 0.05066 -0.0 3.765 3.821 True
1_3764219 93.4358 91.0008 12.2772 11.3185 23.5957 10322.0723 21.644 0.072011 8.6772 18.2361 0.9999 0.9999 16.11 -0.3652 -3.822 15.46 -7.155 -3.841 4.011 4.041 True
1_3770403 60.4293 57.4473 8.3973 6.7597 15.157 10442.0332 15.591 0.0947 28.962 53.5165 1.0 0.9983 59.96 7.338 -0.4591 63.85 21.82 12.38 4.579 4.693 True
1_3780407 43.9556 39.4841 8.3846 4.7633 13.1479 3591.5867 11.423 0.3134 46.0028 44.5489 0.9999 0.9987 86.08 -0.4208 3.963 107.7 6.421 -11.77 5.284 5.639 True
1_3784716 72.8611 60.9662 16.4618 8.8887 25.3505 2726.3684 16.236 0.16437 0.0 21.3081 1.0 0.9996 5.661 -0.0 0.0 40.24 -1.895 6.297 4.242 4.535 True
1_3802942 86.4162 72.6847 16.2403 9.7178 25.9581 12927.8291 24.203 0.05857 0.0 14.3493 1.0 1.0 4.326 -0.0 0.0 33.95 -0.8375 -1.403 4.049 4.283 True
1_3813931 58.7315 58.6382 7.024 6.9509 13.9749 2770.7771 10.506 0.097784 81.3079 23.7138 0.9972 0.9994 81.02 -22.35 22.88 57.28 -13.08 -8.082 4.656 4.659 True
1_3858262 38.3329 36.447 4.7876 3.5139 8.3015 1898.8333 6.5137 0.15481 39.0726 84.8876 0.9999 0.9866 159.0 9.584 4.5 107.0 -19.86 29.14 5.77 5.995 True
1_3875380 69.3321 66.8434 9.4792 8.2897 17.768900000000002 8374.416 19.882 0.43402 28.0294 41.341 0.9997 0.9999 33.69 2.14 -7.55 49.6 -23.12 3.755 4.36 4.425 True
1_3898756 34.2688 30.4726 6.9472 3.3207 10.2679 10879.3828 13.203 0.39684 23.3972 82.8011 0.9999 0.9938 91.7 -7.34 3.708 122.7 -4.66 17.72 6.175 6.718 True
1_3984528 58.5665 58.0354 7.1334 6.8789 14.0123 4557.3242 12.215 0.18716 48.0914 27.7726 0.9982 0.9999 86.55 -1.136 -17.17 46.9 5.499 -3.483 4.658 4.678 True
2_2957 125.9541 114.6313 16.7336 14.7372 31.470799999999997 39.3133 6.4407 0.029614 0.0 0.0 1.0 1.0 7.711 0.0 0.0 8.264 -0.03435 -0.0 3.768 3.838 True
2_3872 90.9927 75.1915 17.6716 10.0379 27.709500000000002 629.5653 11.84 0.085618 0.0 11.2997 1.0 1.0 5.974 0.0 -0.0 39.76 -3.24 1.234 3.993 4.241 True
2_29913 46.6083 45.3357 5.4556 4.7939 10.2495 8499.252 11.568 0.24077 96.7046 84.3915 0.9991 0.9996 112.1 23.32 -8.669 106.6 18.42 -5.266 5.173 5.27 True
2_71712 86.7219 77.7453 14.4496 10.0784 24.528 6437.6157 19.822 0.13369 0.0 19.0306 1.0 0.9999 5.162 0.0 0.0 27.55 6.571 -2.496 4.061 4.205 True
2_72725 35.4263 32.7174 5.2099 3.1217 8.3316 204.2279 4.3034 0.42713 63.9579 183.1294 0.9998 0.9738 162.5 -20.78 -7.937 179.3 6.909 32.87 6.051 6.429 True
2_135015 52.8765 48.0127 19.4543 4.8132 24.2675 4728.8491 154.9 0.96566 0.0 121.8851 1.0 0.7394 0.917 0.0 -0.0 40.34 4.306 3.099 4.725 5.117 True
2_190256 111.8329 111.5571 14.1029 14.0315 28.1344 1784.6545 15.778 0.024551 0.0 0.0 1.0 1.0 5.266 0.0 -0.0 5.191 -0.09047 0.0 3.862 3.864 True
2_262519 46.2988 46.2559 5.0482 5.004 10.0522 1415.2958 7.8194 0.36573 27.3605 94.9183 1.0 0.9923 144.4 8.199 -0.7816 126.3 41.3 -39.53 5.21 5.213 True
2_273709 134.1591 133.5798 14.8542 14.6668 29.521 10632.0879 25.695 0.01696 0.0 0.0 1.0 1.0 4.02 -0.0 -0.0 3.956 -0.05741 0.0 3.748 3.753 True
2_276121 57.4877 53.4511 9.2909 6.5686 15.8595 1474.1632 10.397 0.27114 35.8978 41.1274 1.0 0.9984 51.55 -12.71 2.881 76.67 -5.509 14.78 4.656 4.831 True
2_314120 76.0461 73.8077 10.9304 9.7939 20.7243 331.3055 8.4659 0.18619 9.4328 7.1627 1.0 1.0 39.55 3.884 -1.596 50.22 2.059 2.577 4.232 4.277 True
2_337093 120.9224 93.6487 18.917 12.0351 30.9521 11659.085 26.979 0.052957 0.0 1.838 1.0 1.0 3.811 0.0 0.0 14.82 0.244 -0.5042 3.779 4.003 True
2_354897 44.0003 43.8686 4.6113 4.5244 9.1357 4655.7959 8.7496 0.12386 74.3656 56.0141 0.9974 0.994 142.3 -13.45 21.06 79.18 9.989 -23.13 5.358 5.368 True
2_408166 132.6132 98.1445 21.3293 12.8112 34.1405 1309.6387 16.635 0.045695 0.0 8.7645 1.0 1.0 4.508 0.0 0.0 13.03 3.106 0.5366 3.719 3.958 True
2_485208 39.3741 38.6168 4.0757 3.6789 7.7546 7071.2646 8.9612 0.24218 122.6248 43.9039 0.9987 0.9993 149.3 36.52 -13.73 85.05 -13.35 5.75 5.707 5.79 True
2_506288 42.4575 41.2032 4.8291 4.1202 8.949300000000001 9513.5322 11.912 0.4002 65.7776 93.39 0.999 0.9999 107.2 -4.607 12.81 68.12 -51.86 -1.837 5.445 5.559 True
2_509932 50.0418 50.0067 5.483 5.4477 10.9307 5448.2368 10.394 0.11297 38.4071 58.5549 0.9997 0.9985 115.5 -3.81 5.8 83.0 -31.87 -13.79 5.008 5.01 True
2_511767 147.8683 106.8703 20.445 13.5253 33.9703 5660.1558 24.035 0.016918 0.0 3.7953 1.0 1.0 3.836 0.0 -0.0 7.312 -0.3799 1.357 3.674 3.891 True
2_539374 42.9286 41.1949 5.4405 4.4457 9.8862 1395.4368 8.6897 0.49815 44.6844 81.6549 0.9998 0.9961 153.1 -3.211 -6.599 153.4 33.87 31.27 5.397 5.543 True
2_559683 40.3917 40.2032 4.1527 4.0434 8.196100000000001 1841.3835 7.3483 0.39757 70.3523 39.7972 0.9994 0.9977 171.7 15.03 -12.08 94.78 -29.45 14.45 5.63 5.649 True
2_596324 42.1544 42.0969 4.3269 4.2788 8.6057 1700.3192 6.6553 0.20321 101.5409 100.3599 0.9945 0.9997 165.9 -7.077 32.27 103.9 47.19 5.016 5.492 5.497 True
2_741744 93.8609 93.6782 11.7429 11.63 23.3729 7114.7471 19.716 0.12134 4.1676 8.9969 1.0 1.0 17.12 0.8504 -0.9241 18.44 -2.669 -1.712 4.012 4.014 True
2_760157 103.4363 85.5124 18.5753 12.2109 30.7862 55.0599 6.881 0.055601 0.0 7.7125 1.0 1.0 7.377 0.0 -0.0 25.13 -2.748 -1.267 3.884 4.082 True
2_771647 80.0056 67.5272 16.5012 9.0828 25.584000000000003 1016.2925 12.792 0.16575 0.0 24.1213 1.0 0.9999 6.238 0.0 -0.0 42.54 4.754 4.195 4.129 4.388 True
2_843241 107.3531 82.442 20.1089 10.9015 31.010399999999997 8469.8311 24.755 0.09034 0.0 10.8619 1.0 0.9999 3.933 -0.0 0.0 21.41 -2.787 -2.513 3.851 4.129 True
2_889905 78.806 78.6284 10.5732 10.442 21.0152 376.7986 8.9422 0.21529 19.019 13.2906 1.0 0.9999 37.21 -7.673 -0.4837 44.97 -6.513 -4.549 4.194 4.197 True
2_916909 34.8669 34.8381 3.0339 3.0103 6.0442 6366.6904 8.3372 0.44343 100.7259 207.2612 0.998 0.9759 227.9 11.02 15.88 138.0 102.5 -63.98 6.205 6.209 True
2_945159 52.0978 49.7388 7.128 5.8017 12.9297 3395.8479 11.916 0.3864 35.2186 68.9774 0.9994 0.9977 91.21 -7.316 10.72 87.63 38.88 -20.25 4.882 5.006 True
2_990022 48.944 47.9883 6.068 5.6063 11.674299999999999 941.1418 11.596 0.6675 57.3123 11.8954 1.0 1.0 138.1 18.53 3.624 128.7 -1.58 0.01846 5.047 5.102 True
2_997367 45.8799 45.5079 4.8811 4.6536 9.5347 2515.1589 11.46 0.6095 46.6142 162.9347 0.999 0.9872 95.81 12.15 9.973 108.3 -62.14 -15.66 5.231 5.27 True
2_1047693 37.6702 37.5342 3.3759 3.2984 6.674300000000001 11411.4863 9.9421 0.38941 122.2724 63.4257 0.9979 0.9998 178.8 -4.493 -11.46 145.5 17.23 5.264 5.889 5.911 True
2_1072104 135.6494 135.1099 15.6437 15.5364 31.180100000000003 249.278 10.38 0.015354 0.0 0.0 1.0 1.0 6.153 0.0 -0.0 6.037 -0.08067 0.0 3.734 3.736 True
2_1087220 113.4955 84.6864 22.2016 11.9024 34.104 230.3539 10.624 0.022958 0.0 11.3098 1.0 1.0 5.482 0.0 -0.0 26.12 1.249 2.715 3.81 4.089 True
2_1112420 71.4287 69.847 9.3425 8.6106 17.9531 6696.3779 17.641 0.34787 16.1699 13.0535 1.0 1.0 41.83 6.827 0.9133 46.28 1.911 -0.8824 4.324 4.361 True
2_1154345 70.1738 70.0504 9.222 9.1192 18.3412 529.7563 8.6051 0.15048 25.1761 32.9846 0.9998 0.9992 55.44 6.535 7.159 39.56 10.68 -13.82 4.351 4.354 True
2_1180513 77.2253 70.1875 13.057 8.8093 21.866300000000003 5129.5234 17.473 0.19732 2.6338 15.2219 1.0 0.9998 13.02 0.4897 -1.084 41.23 2.428 -4.579 4.195 4.347 True
2_1206717 122.5284 92.3369 20.7555 12.3271 33.0826 1881.6998 17.746 0.012661 0.0 11.6284 1.0 1.0 4.412 0.0 -0.0 17.83 3.326 -1.477 3.764 4.01 True
2_1256781 82.6218 76.3588 14.1493 10.4835 24.6328 133.3797 7.4423 0.10619 2.778 6.5315 1.0 1.0 9.076 -1.125 0.6746 42.13 -0.2592 2.425 4.116 4.224 True
2_1286485 84.0196 83.7752 10.2846 10.1579 20.4425 13747.8975 21.173 0.13407 11.0615 27.9009 0.9998 0.9998 25.55 -0.04961 -4.854 35.11 -1.708 3.807 4.128 4.132 True
2_1301975 137.3294 130.83 15.2024 14.4023 29.6047 3586.832 19.518 0.026723 0.0 0.0 1.0 1.0 4.616 -0.0 0.0 4.687 -0.07218 0.0 3.736 3.769 True
2_1303861 59.8468 53.3233 11.6925 6.8463 18.538800000000002 6727.3735 16.429 0.19978 4.7457 80.7997 1.0 0.9988 25.09 -1.668 0.3917 62.46 26.46 9.107 4.564 4.82 True
2_1334225 108.857 106.8585 13.895 13.1692 27.0642 6729.6519 21.443 0.04567 2.5925 4.9611 1.0 1.0 4.725 -0.4201 1.142 10.4 1.735 0.8177 3.883 3.9 True
2_1336067 79.1411 77.572 10.3224 9.6245 19.9469 11771.6689 22.746 0.38791 6.2203 29.0658 1.0 1.0 29.42 1.411 1.57 22.6 -0.3858 2.335 4.19 4.219 True
2_1388978 95.3217 95.1839 12.007 11.9076 23.9146 4642.0391 17.755 0.026918 7.3588 8.7328 0.9999 0.9999 18.09 1.868 -2.881 13.64 0.5975 3.366 3.997 3.998 True
2_1409383 88.6483 87.4008 11.3342 10.8162 22.150399999999998 9143.0146 20.017 0.072375 16.1921 13.3249 1.0 0.9998 21.09 7.419 -0.601 21.42 -3.419 4.722 4.066 4.084 True
2_1459762 46.0993 44.9979 5.5216 4.8782 10.399799999999999 4382.5015 9.7234 0.20451 31.7643 94.7639 0.9998 0.9827 121.4 0.2586 -7.0 65.68 3.974 -41.72 5.204 5.283 True
2_1460272 69.8515 69.0292 9.0151 8.6251 17.6402 2164.5618 12.818 0.31632 14.7142 6.1742 1.0 1.0 56.68 -3.435 -2.469 53.3 -0.971 0.4713 4.358 4.379 True
2_1473111 58.6262 54.2858 9.3483 6.4136 15.7619 4365.8716 13.257 0.2218 23.9686 37.3473 1.0 0.9991 57.2 1.211 0.4512 83.82 -3.374 -10.05 4.619 4.805 True
2_1480764 38.4746 35.1105 6.1977 3.6005 9.7982 6382.251 9.8312 0.13124 24.6405 100.0137 0.9999 0.985 101.6 7.189 4.76 117.0 -27.04 -25.92 5.729 6.11 True
2_1538245 120.5274 112.3489 15.1372 13.3617 28.4989 9418.4004 24.247 0.02802 0.0 6.9324 1.0 1.0 4.181 0.0 0.0 9.302 -1.325 -2.177 3.803 3.865 True
2_1612938 102.3446 87.4952 16.8204 11.753 28.5734 482.3171 11.409 0.044118 0.0 7.6786 1.0 1.0 6.08 -0.0 0.0 24.11 -3.272 -0.67 3.9 4.068 True
2_1656249 119.916 119.5907 14.3442 14.2736 28.617800000000003 5248.3096 20.968 0.033963 0.0 0.0 1.0 1.0 4.53 0.0 0.0 4.538 -0.03452 -0.0 3.815 3.817 True
2_1691476 84.8462 84.5889 10.5747 10.4334 21.0081 5484.9214 16.879 0.071999 11.5634 23.7299 1.0 1.0 30.24 -4.305 0.07935 35.97 0.5216 0.1569 4.116 4.119 True
2_1694385 112.0606 111.5612 14.0761 13.9653 28.0414 2575.3271 17.244 0.015281 0.0 2.5281 1.0 1.0 5.035 0.0 -0.0 5.699 -1.137 0.1643 3.861 3.865 True
2_1706115 39.5705 38.8588 4.1578 3.7674 7.9252 3597.9189 7.7807 0.27165 71.6194 92.6313 0.9998 0.9862 156.0 -20.48 5.909 96.77 -52.61 28.6 5.689 5.767 True
2_1814622 90.5052 90.2472 11.7117 11.5566 23.2683 1469.5508 13.051 0.045617 3.7084 13.6225 1.0 0.9999 24.1 -0.4115 0.3869 26.34 -1.54 -4.661 4.044 4.047 True
2_1821698 102.7845 102.487 12.7553 12.6052 25.360500000000002 9656.2344 22.605 0.10834 10.5364 6.0016 0.9999 1.0 7.343 0.7664 -2.999 12.3 -1.094 2.166 3.931 3.934 True
2_1823977 53.8256 51.7278 7.1176 6.0107 13.1283 10217.71 14.978 0.29146 13.6804 38.7935 1.0 0.9969 72.99 -4.237 -1.555 61.9 13.84 -17.72 4.813 4.916 True
2_1852505 39.312 37.8804 4.4003 3.6322 8.032499999999999 9686.5342 9.8504 0.21734 69.8389 79.4072 0.9985 0.9907 138.9 15.3 13.12 112.1 2.816 24.09 5.695 5.852 True
2_1861346 47.3436 47.2459 4.971 4.9071 9.8781 9166.0449 10.927 0.069339 72.6661 118.9131 0.9953 0.9999 114.9 5.755 -22.0 95.49 66.92 -2.546 5.152 5.159 True
2_1930946 122.0395 90.5386 23.7284 13.3221 37.0505 11.4753 4.8322 0.022722 0.0 1.6723 1.0 1.0 7.411 -0.0 -0.0 18.06 -0.5848 0.08729 3.764 4.016 True
2_1966207 70.6017 70.2146 9.4994 9.2588 18.758200000000002 365.0109 8.9537 0.37737 29.3888 26.0226 1.0 1.0 50.59 -8.245 -2.498 49.36 1.87 4.396 4.341 4.35 True
2_1968569 64.6539 59.117 11.086 7.3773 18.4633 4727.9595 15.345 0.24171 9.5906 30.2307 1.0 1.0 35.44 -1.281 -0.7045 46.65 4.871 1.547 4.443 4.626 True
2_1990996 138.0458 124.5866 16.9109 14.6779 31.5888 360.0229 11.486 0.0012803 0.0 0.0 1.0 1.0 5.768 0.0 -0.0 6.046 0.004358 -0.0 3.715 3.789 True
2_2001590 41.9498 37.9821 7.7542 4.419 12.1732 1147.3197 8.8179 0.42482 43.4231 100.4474 0.9994 0.996 110.5 7.246 -14.89 105.4 -23.47 -26.14 5.43 5.783 True
2_2003493 40.062 39.8369 4.0146 3.9027 7.917299999999999 10791.9307 37.231 0.89206 54.2223 84.4663 0.9984 0.9951 170.1 -4.602 16.49 155.8 25.24 -37.16 5.66 5.683 True
2_2040991 42.9889 30.8634 5.4704 9.4086 14.879 2233.4678 5758.1 0.99975 14.5017 17.1554 0.9993 0.9974 4.017 -1.279 -0.2456 10.39 -5.462 0.01166 5.393 7.623 False
2_2066486 89.9075 72.7034 18.4768 9.5511 28.027900000000002 1563.7688 15.064 0.13616 0.0 26.5246 1.0 0.9999 5.384 -0.0 -0.0 34.38 -6.441 3.837 4.001 4.286 True
2_2104257 36.2043 35.7656 3.505 3.2272 6.7322 1320.514 5.8309 0.39764 117.8234 101.12 0.9987 0.9939 192.5 31.47 15.64 120.0 46.13 -16.49 6.031 6.09 True
2_2128334 75.033 64.8601 14.8471 8.1683 23.0154 12469.3818 21.723 0.016172 0.0 29.3928 1.0 0.9997 4.678 -0.0 0.0 48.95 0.4192 4.035 4.215 4.462 True
2_2155193 81.8944 72.2477 14.5852 9.4555 24.0407 8291.5645 20.559 0.085591 0.0 12.3906 1.0 1.0 5.01 0.0 0.0 34.3 4.803 -1.142 4.117 4.297 True
2_2169834 85.5854 85.3931 10.5098 10.4011 20.910899999999998 13532.127 21.711 0.17612 33.2151 8.7143 1.0 1.0 29.9 14.2 -1.73 30.16 -0.5761 2.112 4.108 4.111 True
2_2259360 72.7583 67.896 11.1825 8.4499 19.632399999999997 4431.4375 15.25 0.12042 9.7124 18.5246 1.0 0.9998 28.81 4.021 -0.753 47.71 3.025 -4.304 4.28 4.398 True
2_2260737 36.4777 34.4967 4.3992 3.1732 7.5724 13569.0625 10.176 0.20423 72.2651 105.0153 0.997 0.9854 140.2 11.76 19.74 122.3 -53.3 -29.4 5.955 6.215 True
2_2318993 109.8249 91.5163 17.6474 12.0633 29.710700000000003 739.7475 13.138 0.08684 0.0 10.7046 1.0 0.9999 5.615 0.0 -0.0 17.5 1.077 2.928 3.844 4.024 True
2_2394990 50.5574 49.6133 6.1223 5.6512 11.7735 2113.502 11.239 0.5151 49.6277 71.75 0.9997 0.9977 113.9 -15.23 7.443 125.6 -9.071 25.1 4.969 5.021 True
2_2463821 133.5596 128.1821 15.3704 14.5939 29.9643 4520.1025 20.884 0.028502 0.0 0.0 1.0 1.0 4.431 -0.0 -0.0 4.514 0.06218 -0.0 3.744 3.774 True
2_2516234 30.3201 27.8288 6.5301 3.0498 9.5799 22.5675 1057.0 0.99978 44.6122 112.5587 0.9968 -0.9942 14.91 -8.054 8.804 30.43 -30.97 -0.09339 6.774 7.232 True
2_2579343 67.8497 61.4853 12.2482 7.9239 20.1721 1492.6866 11.891 0.16126 9.2998 24.0075 0.9999 1.0 20.74 0.374 3.663 58.87 5.547 1.352 4.365 4.551 True
2_2647686 111.894 106.6999 14.4766 13.0233 27.4999 7836.4541 22.523 0.025548 0.0 1.8875 1.0 1.0 4.47 0.0 -0.0 8.989 0.7731 -0.124 3.857 3.902 True
2_2726583 133.4902 88.0155 26.886 12.1801 39.0661 1374.7623 18.221 0.045352 0.0 3.6948 1.0 1.0 3.859 -0.0 -0.0 16.55 -0.7938 -0.679 3.717 4.049 True
2_2824931 73.8241 71.909 10.5341 9.5443 20.078400000000002 295.7232 8.034 0.18627 7.2762 22.335 1.0 0.9999 42.25 -0.4476 -2.182 53.24 2.931 -5.28 4.272 4.313 True
2_2876917 81.7568 81.0215 11.4844 11.0896 22.574 121.3985 6.8751 0.12875 22.3908 18.7385 0.9997 0.9999 33.4 -1.27 10.18 42.57 8.14 -5.246 4.147 4.159 True
2_2940430 60.4379 57.2159 8.653 6.9009 15.5539 7310.584 14.393 0.023496 9.4244 39.5534 1.0 0.9979 51.59 -3.403 -1.842 57.85 13.14 -13.16 4.576 4.696 True
2_3002452 67.1046 66.9197 8.1063 7.9966 16.102899999999998 9525.6689 18.178 0.37582 19.3379 20.1897 0.9997 1.0 50.55 3.548 6.474 64.01 2.279 -1.567 4.426 4.431 True
2_3004706 41.806 41.385 4.1773 3.9762 8.1535 4462.8872 9.3741 0.4262 30.142 128.7895 0.9996 0.9863 124.7 0.4775 -6.173 121.5 23.19 21.77 5.516 5.555 True
2_3009262 68.8506 64.0665 10.6211 8.0116 18.6327 6585.1372 16.036 0.042864 22.0153 39.113 0.9996 1.0 33.02 4.62 -8.247 52.56 17.63 1.137 4.356 4.487 True
2_3036400 69.6972 69.0287 8.7446 8.4193 17.163899999999998 5623.8154 14.666 0.10161 18.8871 8.4603 0.9998 0.9999 46.71 -5.183 -5.372 41.19 -4.378 2.846 4.364 4.381 True
2_3076355 54.6292 44.8992 6.7915 4.1977 10.9892 29.7436 95.895 0.99401 55.4364 91.4523 0.998 0.9972 16.45 -8.387 -7.726 48.77 25.64 -0.2411 4.808 5.308 True
2_3142772 62.9356 55.3891 13.0887 7.1039 20.1926 9006.2383 19.446 0.27657 4.6838 59.1624 1.0 1.0 14.88 -0.7943 -0.8931 52.95 21.56 -0.5777 4.473 4.742 True
2_3147296 136.1638 133.4754 15.3395 14.9954 30.334899999999998 2505.0354 18.179 0.032693 0.0 0.0 1.0 1.0 4.723 0.0 0.0 4.778 0.01076 -0.0 3.735 3.748 True
2_3286276 83.1315 66.7414 19.5568 9.5946 29.1514 126.0003 8.0755 0.081998 0.0 9.7062 1.0 1.0 6.799 0.0 -0.0 55.43 0.3576 0.005775 4.077 4.391 True
2_3286476 95.0622 84.9216 15.1022 11.025 26.127200000000002 2044.4524 15.463 0.094397 0.0 8.0446 1.0 1.0 5.549 0.0 -0.0 26.19 -2.671 2.332 3.972 4.105 True
2_3297011 95.8303 93.8223 12.5599 11.762 24.3219 4652.2812 17.993 0.032723 4.8483 7.0621 1.0 1.0 14.09 0.3877 -2.25 20.3 -0.9171 0.5945 3.988 4.011 True
2_3302965 44.5067 41.3705 6.8536 4.7737 11.6273 2981.019 17.012 0.71468 30.33 109.7737 0.9998 0.9959 112.4 -6.533 6.917 131.5 -26.59 -32.2 5.266 5.507 True
2_3321982 68.1587 66.656 8.8811 8.1264 17.0075 5168.0776 15.364 0.29947 41.2866 14.8412 0.9998 1.0 48.96 -16.62 -5.497 54.49 -1.851 -1.269 4.392 4.433 True
2_3337073 56.8137 55.2578 7.3421 6.6096 13.9517 3584.6677 13.858 0.47104 38.4046 43.3374 0.9989 1.0 77.51 -4.777 -14.4 85.86 -7.128 -1.369 4.708 4.772 True
2_3353939 79.6338 79.4533 10.65 10.518 21.168 407.9292 8.7958 0.032004 3.2611 11.2974 1.0 1.0 40.24 0.1951 1.176 33.83 6.666 1.845 4.182 4.185 True
2_3358756 72.3295 68.6219 10.896 8.8358 19.7318 1103.1161 11.321 0.24965 7.6065 30.1214 1.0 1.0 34.57 0.388 2.814 45.47 -6.779 0.7875 4.292 4.38 True
2_3413727 83.1217 82.6349 11.5559 11.2781 22.834 125.0877 6.9727 0.11846 8.9581 10.8487 1.0 1.0 34.56 -3.491 -1.843 39.55 0.6691 2.473 4.13 4.137 True
2_3419376 51.4883 51.4434 5.6273 5.5898 11.2171 2908.4387 9.2597 0.1955 100.8198 86.9312 1.0 0.9997 116.7 26.38 -0.1809 129.1 -1.894 -6.751 4.942 4.944 True
2_3467716 106.1075 101.6735 14.7828 13.8018 28.584600000000002 173.8275 8.8671 0.0090682 0.0 3.7722 1.0 1.0 6.94 -0.0 -0.0 9.519 -0.5515 1.291 3.891 3.931 True
2_3516947 79.9809 78.4856 11.1162 10.3743 21.490499999999997 398.946 8.9897 0.1375 7.7414 14.601 1.0 1.0 31.54 1.49 -1.129 45.11 -2.294 -1.461 4.173 4.199 True
2_3518377 61.5729 40.5509 13.8216 8.8365 22.658099999999997 3061.9978 4788.6 0.99948 11.6161 22.9753 0.9842 0.2638 0.286 2.133 1.394 9.492 -4.301 0.1917 4.512 5.527 False
2_3605254 65.0303 61.155 9.6741 7.6626 17.3367 11348.876 20.559 0.40765 25.8414 49.2985 0.9997 0.9975 39.98 8.37 7.338 52.04 6.38 -19.02 4.447 4.566 True
2_3691831 144.5477 142.9042 15.288 15.0937 30.381700000000002 13600.8652 27.956 0.00045726 0.0 0.0 1.0 1.0 3.803 0.0 0.0 3.708 -0.001648 0.0 3.707 3.714 True
2_3753026 55.0517 54.9467 6.4743 6.3979 12.8722 1703.0911 10.247 0.41314 75.3604 39.0869 0.9964 0.9996 105.3 9.096 -25.77 108.1 -14.45 -9.976 4.788 4.792 True
2_3846228 36.4918 35.3324 3.865 3.1677 7.0327 3426.646 8.7672 0.53052 103.6986 136.0611 0.9977 0.9988 190.8 -2.048 16.96 196.9 -35.58 -14.29 5.977 6.132 True
2_3852695 37.9886 37.0415 4.0312 3.4771 7.5083 10309.2314 22.446 0.80526 32.3088 85.6761 0.9996 0.9989 171.7 5.711 8.468 155.6 83.42 -15.97 5.829 5.946 True
2_3895774 107.6377 90.3546 17.547 12.3967 29.9437 216.2043 9.6508 0.042814 0.0 5.609 1.0 1.0 6.475 0.0 0.0 18.32 1.203 0.6454 3.86 4.032 True
2_3911450 37.4157 33.4231 7.4599 3.779 11.238900000000001 1423.4482 7.3126 0.075281 32.8057 92.4749 1.0 0.9995 94.95 0.4696 -1.854 110.0 -40.25 -5.811 5.819 6.282 True
2_3921837 97.5708 81.2028 16.8789 10.6388 27.5177 13294.8447 25.621 0.081208 0.0 13.669 1.0 0.9999 4.168 0.0 -0.0 23.46 -3.9 3.043 3.936 4.149 True
2_3924111 61.5863 61.5357 7.3155 7.2659 14.5814 4957.2329 12.497 0.064665 30.8699 18.9322 1.0 0.9996 69.74 -12.31 -0.6237 53.63 0.3063 5.998 4.571 4.572 True
2_3928849 47.0903 46.4365 5.3622 5.0377 10.399899999999999 9717.8027 12.764 0.33354 53.9101 72.1537 0.9989 0.9972 111.0 11.58 -13.7 57.24 -19.41 -15.36 5.153 5.198 True
2_3930055 82.7507 79.4588 11.2913 9.845 21.1363 12239.9668 20.834 0.082675 11.5128 6.2702 0.9999 1.0 25.15 -0.294 3.719 29.24 -3.707 -0.2937 4.133 4.189 True
2_3939824 82.4702 82.2812 11.8396 11.6891 23.5287 42.8327 5.3091 0.057803 8.935 3.2278 1.0 1.0 38.53 0.9507 -0.03074 31.78 -0.2795 -0.1843 4.136 4.138 True
2_3957621 42.5397 41.0374 4.7487 3.9082 8.6569 7137.9419 30.766 0.86968 88.5876 109.3434 0.9848 0.9662 68.14 -4.052 10.33 80.48 -4.292 -7.252 5.436 5.588 True
2_3977593 84.9456 83.7689 11.2917 10.7609 22.052599999999998 1765.6052 13.103 0.019136 11.7451 13.8253 1.0 0.9998 25.72 4.423 2.726 23.9 1.78 6.029 4.108 4.126 True
2_3979303 71.2064 68.7076 9.5863 8.4235 18.0098 10935.8721 18.201 0.14716 12.0127 38.3488 1.0 0.9974 42.31 1.521 1.17 38.31 5.216 16.39 4.324 4.385 True
3_5295 72.8802 67.917 11.4635 8.7621 20.2256 1478.4255 11.789 0.095653 11.1406 24.6671 1.0 0.9999 31.57 0.9386 2.936 58.11 -2.32 -4.369 4.276 4.392 True
3_17277 67.0516 66.8972 8.7841 8.6695 17.4536 368.0376 7.6201 0.17535 34.1376 17.738 0.9999 1.0 74.87 -11.86 5.967 50.36 -10.67 1.194 4.419 4.423 True
3_25242 51.1004 49.195 6.884 5.9593 12.8433 2315.5525 10.567 0.35955 20.129 73.9573 0.9998 0.9997 104.9 4.389 -6.304 52.86 29.86 8.349 4.929 5.027 True
3_61839 81.9426 73.535 14.3107 9.356 23.6667 3185.1289 16.427 0.20016 0.0 20.3335 1.0 1.0 5.926 0.0 -0.0 32.26 -0.02348 0.7585 4.121 4.28 True
3_142625 72.902 72.7745 9.1912 9.0947 18.285899999999998 1587.4158 11.1 0.039181 12.7032 20.4593 1.0 0.9999 53.32 2.29 1.251 49.25 2.939 -4.0 4.302 4.304 True
3_148368 105.7336 89.9156 16.5429 11.5224 28.0653 5020.0483 20.264 0.033068 0.0 20.2505 1.0 0.9996 4.533 0.0 -0.0 24.45 -2.35 5.818 3.876 4.045 True
3_150234 102.0288 98.4747 14.2729 13.1072 27.3801 412.1662 10.69 0.026524 0.0 2.0393 1.0 1.0 6.482 0.0 -0.0 13.5 -0.03118 0.6757 3.926 3.961 True
3_162716 116.0797 112.8994 14.2871 13.5363 27.8234 3824.7629 18.923 0.0087992 0.0 4.2843 1.0 1.0 4.827 0.0 -0.0 7.86 -1.996 0.3984 3.838 3.862 True
3_214285 44.8471 43.9666 5.2293 4.6912 9.9205 1829.245 8.5232 0.40635 44.6471 37.7895 0.9989 0.9998 139.9 1.881 15.52 108.5 -16.08 5.843 5.283 5.354 True
3_227648 51.4053 51.1518 5.7127 5.58 11.2927 11608.6758 13.227 0.19299 34.6574 52.2354 0.9992 0.9982 90.83 -7.587 -10.06 64.74 -17.61 10.62 4.943 4.956 True
3_247062 40.0926 40.0464 4.0316 3.9908 8.022400000000001 4076.3728 12.229 0.65003 103.707 21.344 0.9988 0.9998 156.2 1.789 -17.15 77.78 48.26 -3.926 5.659 5.664 True
3_373597 37.8674 33.9249 7.2133 3.4747 10.688 13431.0674 13.928 0.35679 31.9104 57.7403 0.9994 0.9967 90.47 2.802 -11.24 100.2 0.9952 -13.6 5.776 6.249 True
3_386483 93.01 88.5962 14.0807 12.0124 26.0931 215.7402 8.7395 0.019994 0.0 20.1681 1.0 0.9999 7.227 0.0 -0.0 30.09 5.44 -4.546 4.004 4.059 True
3_457882 49.5293 42.2028 24.0863 3.8915 27.977800000000002 5880.2451 104.24 0.93699 0.0 136.9001 1.0 0.9611 0.9165 0.0 -0.0 39.79 -2.063 1.578 4.937 5.495 True
3_463725 47.8011 43.6066 8.5866 5.8269 14.4135 804.8631 9.0815 0.40417 33.6442 97.9546 1.0 0.997 91.58 -8.921 -2.385 92.87 -35.93 -26.58 5.059 5.316 True
3_489513 93.0966 80.8847 15.4562 10.1716 25.6278 12090.25 23.746 0.076957 0.0 7.4393 1.0 1.0 4.451 0.0 -0.0 28.85 -1.573 0.7186 3.986 4.162 True
3_495955 72.9058 72.7433 10.3676 10.2344 20.602 35.9275 4.5775 0.071802 19.8622 11.6287 1.0 1.0 65.91 3.363 -3.311 55.86 -7.277 2.142 4.291 4.294 True
3_503464 52.3176 28.47 7.7706 4.0557 11.8263 189.8696 53.753 0.97556 9.1382 159.8471 0.9984 0.5503 3.364 -0.9507 0.4402 85.48 -0.5726 -6.522 4.861 7.402 True
3_532294 113.6423 110.881 14.346 14.0273 28.3733 590.0818 12.026 0.031653 0.0 0.0 1.0 1.0 6.025 0.0 0.0 6.043 0.07863 0.0 3.853 3.87 True
3_679115 66.4947 65.1793 9.3332 8.6539 17.987099999999998 190.8493 6.6667 0.2059 21.1749 37.5239 0.9999 0.9997 65.57 7.483 4.998 61.46 7.229 -9.605 4.424 4.46 True
3_741821 63.8572 59.4675 9.9908 7.2467 17.2375 3245.7957 13.222 0.22792 39.1165 52.0636 0.9999 0.9988 56.19 -7.785 4.592 59.31 18.18 12.96 4.473 4.622 True
3_758004 44.6051 44.5377 4.7078 4.6532 9.361 1876.9105 7.3168 0.22047 8.7741 82.3509 1.0 0.9986 139.8 -2.193 -1.804 109.9 50.29 -11.47 5.316 5.321 True
3_772400 101.959 84.3119 17.8519 11.5724 29.424300000000002 475.6024 11.612 0.070963 0.0 4.6115 1.0 1.0 5.952 0.0 -0.0 24.25 -0.4344 1.152 3.897 4.102 True
3_785598 77.0104 20.1978 10.4464 4.6091 15.0555 6563.8745 32.806 0.80907 24.72 155.1672 0.9985 0.9972 2.603 3.899 1.251 86.85 3.971 2.187 4.217 8.103 True
3_795419 63.8748 57.6418 11.2522 7.3899 18.6421 10057.4697 17.826 0.071065 4.1228 53.6482 1.0 0.999 21.98 0.3784 0.8091 64.88 12.01 -7.58 4.46 4.664 True
3_800674 67.8254 66.8964 9.0261 8.5573 17.583399999999997 697.5117 9.0766 0.1993 31.1653 20.6366 1.0 1.0 55.83 12.42 1.361 56.3 -0.2246 -1.551 4.399 4.423 True
3_820654 39.2603 36.759 5.4974 3.8672 9.3646 2432.9185 14.492 0.73547 83.5195 65.4406 0.9996 0.9984 173.7 3.528 9.252 150.3 4.372 20.58 5.673 5.934 True
3_843793 72.1368 66.6981 11.9781 8.8872 20.865299999999998 1025.9546 11.739 0.27981 7.7056 29.4646 1.0 0.9997 24.49 2.967 -0.2797 45.64 -3.047 8.595 4.286 4.414 True
3_849921 67.5831 60.0111 12.921 7.8935 20.8145 13924.0762 21.235 0.13863 8.5105 13.9602 1.0 0.9999 13.8 3.554 0.531 49.71 -0.3054 1.934 4.365 4.585 True
3_855450 49.2496 49.1721 5.66 5.5917 11.2517 1437.3054 9.1276 0.44333 37.7011 73.7997 0.9997 0.9962 143.1 0.1091 8.091 78.93 -14.21 -31.95 5.045 5.049 True
3_875686 61.7503 55.8719 10.965 6.7526 17.7176 12783.8301 18.592 0.1709 17.5505 4.7356 1.0 1.0 29.12 -7.785 1.254 53.47 -4.247 -0.2312 4.516 4.74 True
3_888772 49.1879 49.1229 5.5076 5.4509 10.9585 3300.7954 9.1947 0.12411 30.4514 45.8818 1.0 0.9981 126.0 -9.782 0.1549 66.9 18.52 -16.7 5.05 5.053 True
3_923702 61.2035 54.982 11.7958 7.567 19.3628 1180.7406 11.23 0.24659 13.8156 18.94 0.9999 1.0 26.82 -1.366 5.179 63.36 0.327 -1.882 4.527 4.745 True
3_952307 83.8 76.106 14.6521 10.502 25.1541 155.629 7.8791 0.12021 0.0 7.3829 1.0 1.0 7.935 -0.0 -0.0 41.02 -1.749 -1.902 4.096 4.226 True
3_1006326 82.6705 67.5313 18.0434 9.4051 27.448499999999996 933.7255 12.983 0.11835 0.0 11.7468 1.0 0.9999 5.825 0.0 0.0 41.51 -1.441 -3.451 4.087 4.38 True
3_1010270 120.5753 99.3045 17.3305 12.7562 30.0867 8839.4961 24.797 0.063242 0.0 10.628 1.0 0.9999 4.13 0.0 0.0 8.305 0.6165 3.694 3.787 3.951 True
3_1050009 37.5648 34.0994 6.4278 3.331 9.7588 4622.5825 9.0729 0.17807 39.1031 64.6509 0.9997 0.9966 108.9 -9.93 8.523 103.3 11.01 -13.31 5.813 6.239 True
3_1056460 147.5017 128.4195 17.0817 14.543 31.6247 1001.5792 14.881 0.028702 0.0 0.0 1.0 1.0 5.087 0.0 0.0 5.499 0.04881 -0.0 3.686 3.775 True
3_1135887 71.5101 71.1038 9.0757 8.8535 17.9292 3443.4292 14.353 0.29069 24.3279 29.2699 0.9995 0.9991 45.66 0.07856 -9.449 38.4 -10.43 12.76 4.327 4.337 True
3_1203657 56.5288 50.5827 10.6636 6.5335 17.1971 10332.417 17.305 0.18735 7.0734 87.2843 1.0 0.9944 26.0 0.03019 1.688 82.75 -6.396 -17.35 4.674 4.936 True
3_1207204 64.3669 61.764 8.9127 7.6133 16.526 3742.7183 13.702 0.28218 32.898 15.1564 0.999 0.9999 55.59 1.687 13.2 66.51 4.532 -4.553 4.474 4.555 True
3_1228608 40.8413 40.381 4.1624 3.9479 8.1103 8968.2109 10.201 0.30683 56.5581 134.8552 1.0 0.9873 160.1 9.411 -1.728 102.1 65.22 -41.1 5.59 5.635 True
3_1243758 107.8656 82.6681 19.7853 11.2851 31.0704 9297.4023 25.593 0.11334 0.0 16.4912 1.0 0.9999 4.018 0.0 -0.0 14.43 2.013 -2.661 3.851 4.12 True
3_1294481 46.2484 23.0018 9.5701 6.9543 16.5244 2265.5095 2438.7 0.99923 11.3182 29.5642 0.9947 0.4084 3.788 -2.129 1.027 14.45 4.922 0.2929 5.143 8.362 False
3_1327944 75.3977 75.2564 10.8323 10.7056 21.5379 36.6325 4.8938 0.18734 6.6559 5.8066 1.0 1.0 49.51 -0.6967 -2.041 49.32 -1.967 -0.513 4.246 4.248 True
3_1329599 47.7663 44.1474 7.3677 4.7634 12.1311 2536.1855 13.313 0.59638 33.6073 146.9778 0.9997 0.945 53.05 5.126 5.918 101.5 18.68 26.92 5.071 5.327 True
3_1330939 57.7039 51.6824 10.9379 6.8718 17.8097 8497.2979 16.665 0.13686 15.4687 53.9161 0.9999 0.9973 22.28 0.8857 3.443 66.25 -6.408 11.68 4.632 4.881 True
3_1359962 65.5861 64.6194 9.0603 8.5742 17.6345 176.3288 6.9541 0.34868 36.7093 33.8867 0.9999 0.9997 81.42 -11.89 4.307 66.79 3.141 -12.01 4.448 4.475 True
3_1471043 82.1933 80.2063 10.7108 9.8764 20.587200000000003 13934.6455 21.497 0.15918 6.0442 25.7661 1.0 0.9995 26.13 -1.932 1.716 31.26 -12.02 -7.196 4.145 4.179 True
3_1473529 46.9715 42.9016 8.0617 4.9859 13.0476 6929.4956 18.779 0.61792 22.2619 44.6886 1.0 0.9999 71.04 8.394 -0.01625 106.2 -27.31 4.783 5.106 5.392 True
3_1551688 73.0049 68.7142 10.8653 8.6751 19.540399999999998 8230.626 19.673 0.34112 17.1401 46.4323 0.9997 0.9992 29.08 -1.563 -7.531 31.98 8.976 -10.71 4.279 4.379 True
3_1552648 50.249 47.912 6.9106 5.796 12.7066 2731.8259 9.9884 0.19507 36.629 73.8852 0.9992 0.9994 95.48 -3.916 -13.11 72.41 29.95 -8.843 4.963 5.09 True
3_1622147 74.2956 74.129 9.1399 9.0341 18.174 9565.6826 19.464 0.34391 16.9653 22.0788 1.0 1.0 48.45 -2.861 -0.9509 30.75 1.229 -1.887 4.278 4.282 True
3_1630580 49.0289 48.8142 5.3173 5.1795 10.4968 3045.5515 10.282 0.42562 58.7363 110.8371 0.9984 0.9951 97.62 15.95 -12.95 112.9 12.7 14.76 5.058 5.077 True
3_1773823 62.5663 61.6692 7.7105 7.3202 15.0307 6326.8892 14.48 0.26568 50.3256 40.8095 0.9999 0.9996 58.32 19.83 3.989 63.67 0.771 6.039 4.537 4.566 True
3_1791264 85.4001 85.1365 10.8708 10.7196 21.5904 2451.4744 14.043 0.060126 17.4865 14.078 0.9999 1.0 34.96 -2.632 2.84 31.58 4.226 0.518 4.107 4.11 True
3_1860110 40.1058 39.3687 4.3607 3.9787 8.3394 3722.9529 8.8617 0.39562 79.5031 61.4241 0.9998 0.9985 181.7 -24.48 -7.435 84.06 -41.51 15.76 5.641 5.715 True
3_1872666 38.9245 35.5697 6.5523 3.8705 10.422799999999999 678.2699 7.3134 0.48444 44.7459 85.2632 0.9993 1.0 141.7 0.8315 -15.98 156.8 7.887 -1.454 5.687 6.045 True
3_1888371 125.3095 110.3652 16.5905 13.855 30.4455 1248.5193 15.276 0.024171 0.0 3.9556 1.0 1.0 5.098 0.0 0.0 7.439 -1.271 0.07521 3.768 3.872 True
3_1896199 77.9014 65.4347 16.2212 8.5585 24.7797 12882.5723 23.665 0.16544 0.0 13.3419 1.0 1.0 4.692 0.0 0.0 35.38 2.359 -1.679 4.159 4.439 True
3_1915823 61.6859 55.0617 11.9597 6.985 18.9447 4137.1592 14.528 0.15436 7.4891 28.6145 1.0 0.9992 25.07 1.716 2.217 66.01 -7.975 8.561 4.512 4.758 True
3_2018693 40.4965 39.9538 4.2281 3.9644 8.1925 11414.3672 11.826 0.41291 63.1565 101.1966 0.9999 0.9873 158.9 19.84 -4.323 73.32 -54.61 -39.83 5.615 5.668 True
3_2034350 75.0465 71.5256 11.4261 9.4531 20.879199999999997 394.4117 9.2196 0.27165 15.0145 17.3353 1.0 0.9999 29.11 2.609 3.705 52.7 -3.784 -6.187 4.243 4.319 True
3_2067101 41.0339 39.77 4.6356 3.9571 8.5927 13026.1133 13.686 0.49053 40.9066 68.6529 0.9996 0.9948 125.0 8.155 8.047 84.75 2.559 -17.54 5.552 5.677 True
3_2090444 82.5184 82.3359 11.1175 10.983 22.1005 471.8488 9.4363 0.048767 21.5418 22.8943 0.9998 1.0 30.74 -5.68 -7.201 19.21 -4.871 1.02 4.14 4.142 True
3_2104696 95.0522 89.2609 14.4211 12.0272 26.4483 295.0367 9.5859 0.063912 0.0 5.5187 1.0 1.0 6.978 -0.0 -0.0 23.45 -1.313 -2.32 3.981 4.051 True
3_2124505 58.3324 58.2152 6.9804 6.8966 13.877 1687.0067 9.1657 0.043178 31.8636 26.5662 0.9999 0.9999 91.62 8.452 4.46 72.7 8.187 -4.311 4.669 4.673 True
3_2137434 116.1014 84.5613 22.2431 11.5921 33.8352 13027.292 29.241 0.037434 0.0 10.7054 1.0 1.0 3.374 0.0 -0.0 18.4 -2.552 0.2335 3.796 4.094 True
3_2153420 40.957 36.916 7.5809 4.3231 11.904 1214.6403 7.4586 0.11769 49.4763 84.4105 0.9999 0.9984 104.1 13.4 -4.068 133.9 -33.28 -12.64 5.505 5.881 True
3_2179988 84.6227 76.2538 14.1488 9.7181 23.8669 9467.2051 21.184 0.07535 0.0 4.6566 1.0 1.0 4.942 -0.0 0.0 31.79 0.6918 0.5636 4.089 4.232 True
3_2204926 72.2166 69.8934 10.9575 9.5683 20.5258 68.0167 5.6467 0.21771 7.7869 17.2446 1.0 1.0 48.51 -2.927 1.957 67.48 8.728 3.142 4.297 4.35 True
3_2322585 122.3556 119.4771 14.6663 14.2541 28.9204 5975.4678 21.822 0.0011313 0.0 0.0 1.0 1.0 4.42 0.0 0.0 4.333 0.004728 -0.0 3.8 3.818 True
3_2338938 73.8917 63.2297 15.2404 8.5174 23.7578 9780.627 21.315 0.14211 0.0 20.0661 1.0 0.9993 5.001 -0.0 -0.0 41.06 -2.323 -6.941 4.231 4.489 True
3_2398979 90.0043 89.7662 12.0101 11.8553 23.8654 498.3048 10.173 0.080496 11.3533 3.1289 0.9999 1.0 26.58 1.483 3.814 22.23 -1.929 -0.7621 4.047 4.05 True
3_2418467 114.5029 92.9773 17.9916 12.0289 30.0205 7719.6719 23.873 0.082694 0.0 8.5052 1.0 0.9999 4.164 -0.0 0.0 13.85 1.212 2.738 3.813 4.01 True
3_2448487 46.965 45.8797 5.5305 4.8506 10.3811 6990.626 16.982 0.64851 43.662 87.6929 1.0 0.9994 72.17 -4.386 1.571 76.08 -10.13 -2.914 5.15 5.248 True
3_2462233 80.8865 79.2062 10.5751 9.8194 20.3945 12243.709 21.82 0.28805 12.427 32.5304 0.9999 1.0 27.09 3.081 4.369 18.29 -11.63 -0.8931 4.164 4.194 True
3_2481470 83.6213 83.4064 10.8087 10.6721 21.480800000000002 1915.5979 13.139 0.04988 5.0868 12.8639 1.0 0.9999 29.14 -0.1156 0.4022 22.75 -1.649 -4.366 4.128 4.132 True
3_2540264 63.0491 62.9602 7.8544 7.7765 15.6309 1561.9044 10.064 0.16567 24.7229 38.6263 0.9999 0.9981 67.36 3.265 5.045 47.91 16.96 -17.39 4.526 4.528 True
3_2550861 69.1344 65.5974 10.7881 8.8388 19.6269 242.1396 7.6389 0.23499 12.4752 4.0431 1.0 1.0 40.71 -3.049 -0.9218 65.58 -7.98 -0.2926 4.353 4.443 True
3_2591091 82.8907 76.3909 12.8069 9.56 22.3669 12976.833 21.961 0.078874 2.707 39.7613 1.0 0.9995 10.46 0.9258 -0.08595 39.31 11.17 5.812 4.118 4.233 True
3_2594054 36.6653 36.6242 3.3622 3.3289 6.6911000000000005 5294.3672 7.5955 0.27941 60.3166 95.9213 0.9996 0.9885 216.0 -11.71 7.884 103.9 41.74 -40.72 5.993 5.998 True
3_2643102 70.8072 69.8339 9.0158 8.569 17.5848 5065.5913 14.484 0.078267 22.9567 15.5607 0.9996 1.0 52.34 -2.05 7.354 40.18 8.002 1.968 4.34 4.363 True
3_2693259 108.3562 104.8237 14.3317 13.8067 28.138399999999997 481.4533 11.35 0.025467 0.0 4.4663 1.0 1.0 6.211 0.0 -0.0 8.742 -0.7126 -1.505 3.884 3.909 True
3_2738455 134.5541 133.8737 14.9921 14.8873 29.8794 5746.9668 22.164 0.032786 0.0 0.0 1.0 1.0 4.309 0.0 -0.0 4.323 0.02656 -0.0 3.744 3.747 True
3_2756343 92.8721 84.9429 14.4907 11.0421 25.5328 1891.3649 14.913 0.08788 0.0 4.6057 1.0 1.0 5.747 0.0 0.0 25.01 -0.8777 1.604 3.999 4.105 True
3_2796196 59.0325 58.9569 7.0161 6.9519 13.968 4752.627 13.452 0.35408 32.6549 30.9874 1.0 1.0 89.53 -7.73 -2.025 49.11 9.612 2.275 4.647 4.65 True
3_2896834 52.8271 50.1625 7.358 6.1044 13.462399999999999 12511.6016 24.181 0.65342 16.0843 33.3094 0.9999 0.9996 73.92 -3.879 -4.927 77.37 -9.212 9.357 4.845 4.975 True
3_2899817 121.3739 111.9507 15.0069 13.5114 28.5183 4309.293 19.886 0.040678 0.0 2.6386 1.0 1.0 4.701 0.0 0.0 6.483 0.72 -0.3612 3.805 3.866 True
3_2903018 74.5974 66.5095 13.5901 8.179 21.7691 9452.4785 19.663 0.089143 2.0896 28.0313 1.0 0.9995 7.449 0.8555 -0.07549 52.21 -1.108 5.896 4.232 4.429 True
3_2939573 76.3947 76.2813 9.467 9.3831 18.8501 6140.7847 16.339 0.16361 21.6851 7.0723 0.9998 1.0 36.47 -7.419 4.816 36.01 6.676 -0.9112 4.241 4.244 True
3_2943695 137.8009 137.3843 14.6887 14.6238 29.3125 11755.4639 26.222 0.011875 0.0 0.0 1.0 1.0 4.0 0.0 -0.0 3.896 0.04315 -0.0 3.739 3.741 True
3_2964856 103.3256 103.1289 13.2245 13.095 26.3195 2035.3899 15.626 0.09378 6.9017 5.0365 1.0 1.0 9.023 0.9792 2.906 9.5 1.571 -1.005 3.924 3.926 True
3_3024717 60.7257 54.545 11.245 7.2197 18.4647 8523.4395 17.414 0.18615 16.6185 36.1555 0.9999 0.9979 32.33 3.499 -3.295 55.54 -5.397 13.74 4.542 4.767 True
3_3037323 57.9585 54.9462 8.2573 6.7606 15.017900000000001 6163.6704 14.33 0.26423 20.3739 70.3362 0.9999 0.9988 54.8 -6.162 4.474 83.91 -34.67 12.92 4.653 4.773 True
3_3050446 82.6584 77.8706 11.9698 9.7271 21.6969 11578.7607 21.142 0.13601 9.6364 17.1996 0.9999 1.0 15.46 0.6488 4.052 34.54 3.682 -0.1048 4.128 4.211 True
3_3076068 50.5026 50.3998 5.7932 5.7206 11.5138 1369.8276 8.2289 0.30204 61.491 33.5799 1.0 1.0 140.7 0.5698 -0.9389 85.81 12.36 1.866 4.982 4.987 True
3_3162406 44.3025 44.1023 4.4734 4.3678 8.8412 6003.4702 9.5656 0.25924 56.4928 118.1443 0.9996 0.9819 119.7 -13.04 5.78 119.8 -18.02 30.34 5.34 5.357 True
3_3179314 35.8051 32.7647 5.7171 3.1482 8.865300000000001 1744.9197 6.6032 0.16025 51.3611 103.3517 0.9996 0.9857 155.3 -13.5 10.34 139.0 -11.35 35.6 6.002 6.418 True
3_3201472 35.454 32.9089 4.8301 3.0411 7.8712 10442.7295 9.629 0.1745 39.985 75.069 0.9997 0.9986 128.4 11.46 -7.262 104.9 29.74 -6.746 6.053 6.412 True
3_3248059 65.1293 63.6794 8.9222 8.1604 17.0826 857.9334 9.0522 0.063127 19.0612 26.362 0.9998 1.0 60.73 -2.725 6.658 43.48 -10.12 0.3087 4.458 4.502 True
3_3260283 59.4456 58.6514 7.3642 6.9863 14.3505 4046.3477 13.912 0.42143 10.2908 13.5169 0.9999 1.0 72.97 -2.103 -3.196 75.54 8.203 -1.831 4.627 4.657 True
3_3275641 33.5048 31.7563 7.8095 5.3278 13.1373 104.6601 5.4614 0.49065 35.4964 72.8284 -0.9902 0.9997 10.67 -5.713 0.1083 133.5 7.079 -11.21 6.273 6.508 False
3_3306348 106.9881 89.4038 17.1729 11.6609 28.833799999999997 2795.9944 17.819 0.031064 0.0 9.3712 1.0 1.0 4.8 0.0 0.0 22.89 1.389 1.51 3.864 4.048 True
3_3309178 46.716 31.8873 9.3551 7.5411 16.8962 4505.9512 29730.0 0.99994 20.5487 28.3738 0.9986 -0.1373 6.885 1.613 -0.5856 8.515 10.34 0.1751 5.116 6.274 False
3_3440795 43.5872 43.5108 4.7448 4.6811 9.425899999999999 1747.473 7.3342 0.25387 4.7649 55.466 1.0 0.9998 173.1 -0.09306 -0.3235 69.41 -24.76 -6.141 5.382 5.389 True
3_3443692 117.9444 117.576 14.1405 14.0682 28.2087 11546.4482 25.377 0.029295 0.0 0.0 1.0 1.0 4.149 0.0 0.0 4.118 -0.06609 0.0 3.828 3.83 True
3_3451655 95.6405 89.6942 14.129 11.6191 25.7481 2255.364 15.753 0.10113 0.0 18.3943 1.0 1.0 5.634 0.0 0.0 17.69 7.665 -1.495 3.978 4.05 True
3_3461659 57.9077 57.8059 6.6706 6.5997 13.2703 12649.5898 14.772 0.045752 33.9379 10.0653 0.9997 1.0 74.53 -11.81 -5.594 49.98 2.607 1.943 4.687 4.691 True
3_3519786 72.3506 68.7697 10.3951 8.6535 19.0486 5717.0264 16.857 0.26988 9.7646 27.0687 0.9999 0.999 32.01 1.858 3.638 48.62 -3.585 -12.19 4.295 4.379 True
3_3550381 61.9881 55.5509 12.7288 7.4331 20.1619 107.3057 6.1058 0.18773 11.0806 10.6417 1.0 1.0 32.01 1.993 -3.387 97.01 2.067 -0.5085 4.502 4.733 True
3_3555387 52.301 49.0633 7.9925 6.3313 14.323799999999999 1290.0608 10.555 0.43777 20.9163 33.7497 1.0 1.0 90.18 4.693 1.224 77.92 7.687 -1.012 4.86 5.016 True
3_3565323 147.4161 143.4286 15.6358 15.1851 30.8209 7766.3223 24.499 0.030392 0.0 0.0 1.0 1.0 4.035 -0.0 0.0 4.082 0.03962 -0.0 3.695 3.711 True
3_3580377 79.0817 77.8504 10.371 9.8114 20.1824 3205.1199 14.418 0.12099 12.939 27.2445 1.0 0.9993 38.78 -2.996 0.3744 29.56 -5.355 -10.77 4.191 4.213 True
3_3582799 136.1411 130.1875 15.3979 14.586 29.9839 9603.8848 25.328 0.02271 0.0 0.0 1.0 1.0 4.024 0.0 0.0 4.066 -0.06488 -0.0 3.734 3.766 True
3_3626966 39.8836 39.4166 4.0965 3.8786 7.975099999999999 10188.0742 9.9189 0.21055 105.1221 55.4177 0.9949 1.0 168.8 14.57 30.11 64.35 -21.57 -0.07184 5.668 5.716 True
3_3631670 136.8113 104.7673 19.2327 13.2215 32.4542 2772.9302 19.45 0.036409 0.0 1.7894 1.0 1.0 4.386 -0.0 -0.0 8.901 -0.0338 -0.4787 3.712 3.908 True
3_3685170 47.1292 45.832 5.8224 5.0865 10.9089 2918.4993 9.5603 0.30588 47.9569 50.0122 1.0 0.9994 130.1 -14.96 -2.394 75.48 8.665 -9.555 5.139 5.228 True
3_3689628 42.3675 41.8652 4.6162 4.3721 8.988299999999999 5199.5273 13.471 0.62212 94.6846 20.6135 1.0 0.9999 132.2 3.654 -0.3632 64.47 -33.36 2.962 5.465 5.508 True
3_3778593 84.4738 69.367 17.9499 9.493 27.4429 505.5151 11.177 0.13522 0.0 21.0525 1.0 0.9999 6.324 0.0 -0.0 40.68 2.811 4.124 4.065 4.344 True
3_3793129 52.1398 52.0638 5.7788 5.7239 11.5027 12297.9863 13.341 0.12533 15.6516 37.1617 0.9998 0.9997 92.21 1.904 -5.416 61.67 -28.54 5.4 4.912 4.916 True
3_3811372 85.3219 75.1772 14.7697 9.5778 24.3475 7482.5854 20.108 0.038032 0.0 21.3006 1.0 0.9999 4.842 -0.0 -0.0 39.64 1.719 -2.708 4.074 4.25 True
3_3844344 63.1618 56.7799 11.6092 7.2982 18.9074 4154.3784 14.358 0.08121 10.5251 22.3418 1.0 1.0 27.87 2.968 2.569 62.22 3.672 0.8946 4.476 4.693 True
3_3865126 68.9593 65.3239 10.2392 8.2844 18.523600000000002 2261.8127 13.435 0.31962 12.663 22.4107 0.9999 0.9996 42.79 3.155 -3.889 54.75 2.217 -8.779 4.36 4.456 True
3_3995043 51.9474 51.8899 5.8978 5.8462 11.744 6018.2285 20.709 0.71468 60.4969 54.3333 0.9989 1.0 121.9 -5.291 13.35 76.8 12.24 1.746 4.919 4.921 True
4_63524 38.6831 36.7642 4.884 3.7262 8.6102 2072.3062 9.0278 0.53492 44.7619 45.2854 0.9992 0.9991 170.0 -1.718 13.54 150.2 -50.51 -13.39 5.737 5.948 True
4_104032 56.1972 56.0977 6.4599 6.3914 12.8513 8407.1562 13.988 0.28417 35.3263 28.7617 1.0 0.9992 69.56 4.846 -1.959 53.36 0.632 -6.812 4.748 4.752 True
4_122588 90.6247 70.984 19.9143 10.0643 29.9786 2623.3706 17.984 0.13252 0.0 15.5308 1.0 1.0 4.773 0.0 0.0 28.86 -3.068 1.626 3.99 4.303 True
4_138922 36.3061 35.3505 3.7781 3.2434 7.0215 2820.0315 6.7588 0.2934 67.3513 49.7634 0.9986 0.9995 179.0 -10.53 16.6 103.2 -5.297 4.884 6.002 6.127 True
4_180616 38.1152 38.0538 3.5392 3.4986 7.037800000000001 3634.3987 7.052 0.24676 75.0482 107.8208 0.9999 0.9904 183.1 5.205 3.339 150.6 -2.133 -34.14 5.846 5.854 True
4_182362 38.3098 38.2235 3.4959 3.3811 6.877 8778.6201 15.435 0.71857 68.5171 110.9783 0.999 0.9481 120.8 2.385 -10.1 92.76 -60.55 24.86 5.829 5.84 True
4_212315 36.3918 34.527 4.2423 3.0566 7.2989 3501.9031 12.602 0.71734 82.6 91.5199 0.9969 0.9993 112.5 -10.92 19.83 88.57 15.17 -2.123 5.968 6.223 True
4_213712 83.9671 81.8703 11.0944 10.2009 21.2953 8100.0112 19.518 0.20883 16.5235 16.0608 0.9997 0.9997 27.4 3.246 5.956 26.92 -3.409 -6.137 4.12 4.154 True
4_231550 70.707 65.1784 11.9325 8.6532 20.5857 569.3033 9.3302 0.061174 3.1114 23.0358 1.0 0.9999 26.97 -1.26 0.4705 62.16 -5.594 3.146 4.312 4.45 True
4_241516 62.679 54.8635 13.5015 7.7403 21.2418 6347.6553 17.869 0.19503 6.3873 27.5853 1.0 0.9999 7.801 -0.5933 -0.2987 45.41 -10.09 2.495 4.478 4.74 True
4_305697 105.0844 94.7158 15.0794 11.797 26.8764 11320.8281 24.285 0.045587 0.0 8.3026 1.0 0.9999 4.35 0.0 -0.0 16.22 -2.259 2.721 3.893 4.0 True
4_327128 43.2259 42.0583 5.2797 4.6414 9.9211 825.5746 7.8436 0.51947 49.9572 80.0768 0.9999 0.9964 169.9 15.71 -4.2 118.0 9.398 -30.3 5.385 5.481 True
4_334550 75.5074 69.6354 12.0883 8.777 20.865299999999998 3576.2329 15.036 0.10008 4.3231 33.6861 1.0 0.9999 19.88 1.355 1.46 51.0 -7.712 -2.783 4.228 4.359 True
4_336358 116.185 115.7384 14.5706 14.4715 29.0421 564.2838 12.091 0.0017942 0.0 0.0 1.0 1.0 5.916 0.0 -0.0 5.746 -0.01028 0.0 3.831 3.834 True
4_371476 51.7655 51.7276 5.5833 5.5546 11.1379 10961.7881 13.271 0.25878 63.4687 71.1032 0.9991 0.9978 98.82 -14.47 8.824 103.3 -4.095 15.76 4.931 4.933 True
4_406872 123.5736 114.1914 15.2532 13.7009 28.9541 5080.1953 20.963 0.033958 0.0 5.9443 1.0 1.0 4.511 0.0 0.0 6.231 -1.566 -2.381 3.789 3.852 True
4_409250 63.6662 63.5918 8.3065 8.2272 16.5337 210.331 6.1789 0.037547 23.281 10.522 0.9997 1.0 81.75 -1.672 9.541 64.05 -1.242 -0.8487 4.505 4.507 True
4_463568 35.7248 35.6982 3.1025 3.0819 6.1844 7817.3872 12.679 0.68117 119.2535 67.8031 0.9985 0.9999 206.1 -21.3 12.23 193.7 -29.14 3.801 6.103 6.107 True
4_475910 57.164 57.0814 6.6562 6.5922 13.2484 11899.0576 14.822 0.15521 36.3077 26.9253 0.9992 0.9993 73.63 0.06899 11.3 36.67 -2.339 7.903 4.713 4.716 True
4_503642 76.144 64.3086 16.1639 8.9368 25.100700000000003 1440.645 13.572 0.10919 0.0 23.8341 1.0 0.9998 5.985 0.0 -0.0 47.3 -7.585 -4.785 4.189 4.456 True
4_513525 54.1782 53.2051 6.5449 6.0651 12.61 6709.0332 13.549 0.34859 39.1614 42.3136 0.9988 0.9992 85.06 -6.862 -13.17 85.34 -29.69 11.21 4.814 4.86 True
4_522062 107.4362 104.4695 13.8588 12.8069 26.6657 11874.1553 24.482 0.017991 3.3765 8.0611 1.0 1.0 5.104 1.51 -0.65 10.93 -3.225 -2.1 3.892 3.918 True
4_542734 115.7977 101.7273 15.9053 13.0977 29.003 1648.0707 15.786 0.024142 0.0 11.3733 1.0 0.9999 5.187 0.0 0.0 12.07 2.162 4.425 3.824 3.933 True
4_650210 51.9703 51.7351 5.8904 5.7649 11.6553 2714.6875 9.1753 0.12647 52.8519 54.3388 0.9989 0.9998 112.0 -4.914 12.17 100.1 23.79 -5.857 4.917 4.929 True
4_659800 56.8807 52.8848 9.3951 7.0619 16.457 325.2859 7.3572 0.28058 12.9265 27.5239 0.9999 0.9997 69.58 -1.924 4.281 98.24 4.446 -8.606 4.677 4.838 True
4_669654 35.295 35.2351 3.1549 3.1141 6.269 5540.5562 7.8037 0.37707 76.7735 128.1919 0.9989 0.9825 222.5 -16.21 13.9 118.6 80.72 -49.55 6.149 6.158 True
4_714372 102.3705 100.7186 14.2433 13.8085 28.0518 126.462 8.0679 0.035692 0.0 4.0685 1.0 1.0 7.371 0.0 0.0 9.241 1.833 -0.2493 3.924 3.94 True
4_716109 89.2521 87.9115 12.1234 11.4934 23.616799999999998 653.0004 10.872 0.11654 9.2595 10.5696 1.0 0.9999 21.96 3.838 2.039 28.92 -1.25 -3.81 4.055 4.073 True
4_716759 131.2503 123.0039 15.5126 14.1777 29.6903 3518.0103 19.446 0.0048113 0.0 0.0 1.0 1.0 4.601 0.0 0.0 4.675 0.02152 -0.0 3.753 3.805 True
4_733175 63.079 57.2414 11.1726 7.5747 18.7473 3154.51 13.568 0.15184 6.9893 16.5223 1.0 0.9997 31.83 2.972 -0.7674 53.99 -4.824 -6.112 4.482 4.673 True
4_734806 118.3489 104.2491 15.6039 12.8242 28.4281 13405.7549 26.485 0.045261 0.0 6.3226 1.0 1.0 4.055 0.0 0.0 11.09 -1.457 -2.111 3.812 3.917 True
4_751430 71.4057 71.2919 9.3362 9.238 18.574199999999998 579.0395 9.6089 0.3233 18.3468 7.7588 0.9998 1.0 55.94 3.403 7.181 54.82 -0.3527 0.543 4.327 4.329 True
4_800923 56.9631 56.4768 7.0472 6.812 13.859200000000001 777.1933 8.2065 0.30347 71.2445 57.2506 0.9986 0.9998 98.61 -20.86 -17.61 106.1 33.18 -7.432 4.712 4.731 True
4_834902 38.6723 38.1941 3.911 3.6838 7.5948 3955.0222 10.758 0.60531 85.9176 35.2035 0.9996 0.9989 195.3 -15.87 -8.169 136.2 21.51 -15.89 5.777 5.83 True
4_870927 82.2288 78.7871 11.438 9.8213 21.259300000000003 7945.5234 19.439 0.21663 8.4726 3.7487 0.9999 1.0 20.48 -1.667 3.016 32.98 -0.982 1.523 4.138 4.198 True
4_883103 51.8207 51.7424 6.3122 6.2437 12.5559 319.6899 6.2238 0.33795 85.0675 59.3706 0.9982 0.9994 142.2 -18.62 24.14 91.59 -42.78 -15.1 4.918 4.922 True
4_886116 39.048 34.976 7.5995 4.0573 11.6568 3260.0269 14.066 0.6173 88.8399 91.9913 0.9994 0.9941 78.29 20.44 14.89 108.7 -19.93 24.29 5.665 6.088 True
4_924418 42.8493 41.1307 5.2974 4.179 9.4764 7784.2466 12.117 0.43132 30.4313 23.7625 0.9996 0.9999 132.5 2.64 9.067 92.26 29.05 4.306 5.404 5.561 True
4_926447 52.6754 51.6421 6.4855 6.0488 12.5343 1548.5079 8.4005 0.11759 40.7752 40.819 1.0 0.9988 111.8 3.053 1.795 89.78 13.8 13.87 4.874 4.923 True
4_942017 43.2275 39.0342 7.7924 4.5812 12.3736 6313.498 12.382 0.27931 25.0393 73.6502 0.9996 0.9975 68.05 -5.027 -8.39 99.88 -1.59 -11.38 5.336 5.684 True
4_949281 37.3587 33.4149 7.147 3.695 10.842 6848.5747 13.193 0.47165 38.5972 79.2036 0.9994 0.9977 90.91 9.802 10.63 152.7 14.36 -15.22 5.826 6.289 True
4_990120 48.2651 48.2277 5.6259 5.5785 11.2044 582.3917 10.873 0.70741 32.9339 63.8184 1.0 0.9998 142.1 -10.17 0.09677 170.0 -17.14 10.66 5.094 5.096 True
4_1062006 38.9422 35.9221 5.8336 3.6888 9.5224 3558.1406 10.168 0.46257 72.3622 105.4332 1.0 1.0 110.1 -26.03 0.6761 167.0 -20.46 -0.882 5.692 6.022 True
4_1067916 40.2014 38.2369 4.8629 3.5937 8.4566 12966.4453 11.809 0.34648 77.9734 78.9547 0.9953 1.0 107.2 13.25 23.13 92.74 26.63 -0.9603 5.607 5.821 True
4_1072181 59.0306 58.957 7.6925 7.6155 15.308 181.8611 7.0491 0.47591 21.378 29.2912 1.0 0.9997 95.43 0.4376 4.128 95.9 9.338 12.62 4.639 4.641 True
4_1083119 60.3677 60.2804 7.636 7.556 15.192 510.535 7.5339 0.20419 52.5366 40.2354 0.9999 0.9996 72.08 10.26 -5.526 63.84 -29.42 7.622 4.6 4.603 True
4_1132518 60.2184 59.7803 7.1925 6.9678 14.1603 12500.7461 18.047 0.39985 39.6523 12.3023 0.9999 1.0 68.7 15.07 4.339 51.68 -12.09 -2.425 4.609 4.625 True
4_1201253 101.5281 93.6949 14.8238 12.201 27.0248 1234.116 13.984 0.072604 0.0 5.5918 1.0 1.0 5.775 0.0 0.0 15.76 0.711 0.7904 3.923 4.006 True
4_1231379 58.1943 56.4405 7.848 6.8066 14.6546 1734.3116 11.014 0.37898 21.8854 70.2839 0.9999 0.9982 73.76 5.814 5.265 82.07 40.61 -20.61 4.655 4.73 True
4_1241780 49.6975 49.6532 5.3095 5.2751 10.5846 10775.4434 12.452 0.21189 97.2663 61.2398 0.9967 0.9949 98.67 -28.86 18.27 75.83 -16.19 16.34 5.027 5.029 True
4_1279954 117.7311 117.3176 14.1628 14.0823 28.2451 9199.8252 23.965 0.029187 0.0 0.0 1.0 1.0 4.267 0.0 -0.0 4.235 0.06806 -0.0 3.829 3.831 True
4_1307131 43.051 42.8586 4.5963 4.4729 9.0692 908.0311 5.7852 0.13349 67.9103 52.594 0.9991 0.9984 179.4 7.128 -13.02 122.4 -4.907 16.81 5.42 5.437 True
4_1307711 38.6485 36.5882 4.8345 3.5401 8.374600000000001 10256.792 10.743 0.30532 78.8446 69.3195 0.9972 0.993 150.1 5.361 -20.28 105.6 17.66 -26.3 5.738 5.975 True
4_1320285 90.7287 71.4078 19.4749 9.2969 28.771800000000002 6431.542 21.445 0.03286 0.0 20.6212 1.0 0.9997 4.185 -0.0 -0.0 37.87 -0.2913 -4.449 3.99 4.311 True
4_1341734 95.7381 79.9543 16.7397 10.4275 27.1672 12757.1367 25.064 0.073489 0.0 1.8965 1.0 1.0 4.242 0.0 -0.0 24.58 0.5226 -0.3736 3.953 4.168 True
4_1356339 102.1249 89.0829 15.7895 11.3475 27.137 5471.6846 20.253 0.050889 0.0 8.8796 1.0 0.9999 4.731 0.0 -0.0 20.53 -2.001 -3.112 3.908 4.056 True
4_1407672 35.87 33.3797 4.9385 3.0301 7.9686 3417.1702 7.4798 0.23832 22.0696 167.6417 1.0 0.9995 156.6 -5.091 -3.168 126.9 73.85 5.825 6.006 6.358 True
4_1416434 128.0215 127.5313 15.4217 15.2168 30.6385 126.6917 8.6201 0.019603 0.0 0.0 1.0 1.0 6.803 -0.0 0.0 6.733 -0.1039 0.0 3.765 3.77 True
4_1507147 64.4264 64.0718 8.0765 7.8831 15.959599999999998 2416.8528 12.502 0.3501 26.5422 46.7269 0.9996 1.0 74.45 1.022 8.671 42.92 22.68 2.664 4.488 4.499 True
4_1509553 62.4795 57.9086 9.7251 7.2553 16.9804 11166.2041 17.151 0.062918 13.6029 29.7896 0.9998 0.9996 34.55 1.415 4.738 53.54 -7.963 -5.1 4.509 4.663 True
4_1510998 73.8969 73.7556 9.5252 9.4165 18.941699999999997 734.7028 9.6658 0.18162 34.1151 24.4323 0.9999 1.0 58.29 -10.58 -4.351 56.15 -7.146 -0.3648 4.281 4.284 True
4_1534467 109.1535 98.2488 15.3343 12.3957 27.73 8153.6641 23.059 0.10347 0.0 12.3104 1.0 1.0 4.501 0.0 0.0 9.413 3.792 0.08006 3.864 3.965 True
4_1663176 90.6317 86.9351 12.3057 10.769 23.0747 11903.4268 22.077 0.077406 8.6039 23.0784 0.9999 0.9997 11.9 -1.647 3.085 29.53 1.229 -4.817 4.037 4.087 True
4_1697907 52.948 48.2151 9.4603 6.5756 16.035899999999998 2196.6963 11.774 0.30158 21.4228 40.4322 1.0 0.9987 61.23 6.838 0.3922 69.98 1.385 14.12 4.814 5.042 True
4_1708543 57.5874 57.4795 7.3214 7.2257 14.5471 274.4054 6.2335 0.20443 26.675 27.1206 0.9999 1.0 112.9 4.913 5.212 67.31 -1.175 -3.21 4.688 4.692 True
4_1726682 121.6238 107.4231 16.0809 13.026 29.1069 9422.3047 24.596 0.031095 0.0 8.0551 1.0 1.0 4.098 0.0 -0.0 11.52 -1.668 -2.116 3.788 3.896 True
4_1734196 105.9866 93.3277 16.758 13.1085 29.8665 55.9731 6.7966 0.037022 0.0 2.1319 1.0 1.0 7.643 0.0 -0.0 17.66 -0.02114 0.4003 3.876 4.001 True
4_1863825 107.8761 106.7076 13.5593 13.1052 26.6645 7286.4458 21.632 0.038979 5.5784 4.5933 1.0 1.0 6.14 1.265 -2.281 8.648 -0.133 2.239 3.891 3.901 True
4_1927833 61.2066 61.1585 7.2285 7.1814 14.4099 6851.2007 14.626 0.30368 62.9908 29.7115 0.9958 0.9999 74.04 -3.372 -24.34 61.5 24.23 3.687 4.582 4.584 True
4_1953277 39.0904 39.0419 3.5722 3.5436 7.1158 5713.2124 10.211 0.53872 51.8566 200.9492 0.9999 0.9874 117.1 10.68 2.57 125.0 120.1 16.4 5.757 5.763 True
4_1966936 68.6176 67.9743 9.0171 8.6974 17.7145 865.6981 9.3707 0.095056 24.6397 26.3175 1.0 0.9994 56.63 10.04 -0.286 43.87 11.85 10.45 4.383 4.4 True
4_1985611 44.6291 44.5593 4.7672 4.7103 9.4775 3118.2532 12.466 0.62969 127.9522 74.2963 0.9968 0.989 121.2 21.65 -27.6 76.68 13.99 -23.51 5.313 5.319 True
4_2034528 56.7684 56.6918 6.8186 6.7513 13.5699 4284.3779 19.527 0.68015 65.7204 27.2109 0.9988 0.9999 76.06 2.593 17.59 66.38 -24.64 -3.673 4.723 4.726 True
4_2046859 82.2358 82.0591 10.4031 10.2862 20.6893 3308.8394 15.022 0.17358 16.6069 7.9671 0.9999 1.0 38.24 -2.398 -3.45 31.19 4.157 -2.322 4.149 4.152 True
4_2055340 123.0681 92.0398 20.3002 12.0609 32.3611 13070.4053 28.672 0.073112 0.0 7.6813 1.0 1.0 3.649 0.0 -0.0 11.31 -0.7776 -0.7993 3.765 4.015 True
4_2090393 74.3354 73.5152 10.606 10.1654 20.7714 79.7737 5.9862 0.23093 9.7094 10.1704 1.0 1.0 47.34 -2.014 -0.1873 52.02 -1.346 2.709 4.265 4.281 True
4_2149449 85.9517 75.8448 15.2548 10.267 25.5218 474.6406 10.478 0.089278 0.0 26.2812 1.0 0.9996 6.711 0.0 0.0 42.37 -5.711 8.293 4.064 4.23 True
4_2188814 44.5165 43.6085 11.971 9.4557 21.4267 3834.9631 9973.6 0.99977 15.8492 5.594 0.9966 -0.9959 6.824 -3.856 -0.03865 0.4734 2.666 -0.00878 5.229 5.294 False
4_2198471 64.8091 63.6563 8.5063 7.9121 16.4184 2278.1836 12.526 0.34392 11.9772 16.761 1.0 0.9999 62.53 -4.202 -2.648 53.06 -6.63 3.417 4.47 4.507 True
4_2204200 135.2564 133.4036 15.1683 15.0141 30.1824 164.836 9.1251 0.032793 0.0 0.0 1.0 1.0 6.687 0.0 -0.0 6.718 -0.02548 -0.0 3.747 3.754 True
4_2269684 51.59 25.3956 9.3039 5.8322 15.1361 18.6444 14015.0 0.99999 11.6678 52.3367 0.9993 -0.2381 4.062 -1.158 0.1388 14.72 -18.81 -0.06309 4.877 7.519 False
4_2284383 130.2859 129.0579 14.8973 14.7172 29.6145 4242.1279 20.364 0.017938 0.0 0.0 1.0 1.0 4.516 0.0 -0.0 4.44 0.06657 -0.0 3.762 3.769 True
4_2304813 70.3801 70.0994 8.6973 8.5339 17.2312 4235.9253 14.002 0.187 24.88 33.545 0.9999 0.9995 44.39 -8.58 -3.327 49.1 -3.336 -6.677 4.353 4.36 True
4_2332800 47.5041 47.4803 5.1483 5.1176 10.2659 2124.2739 7.9553 0.176 63.933 54.426 0.9994 0.9967 143.6 3.796 -9.638 104.6 7.603 23.47 5.141 5.142 True
4_2408112 48.8869 47.0907 6.2138 5.3771 11.590900000000001 13998.8252 15.476 0.36034 24.8253 80.3405 0.9996 0.9927 99.57 -1.16 -8.482 52.11 -19.38 -30.3 5.041 5.145 True
4_2424687 62.1018 59.135 9.0115 7.2964 16.3079 1848.7278 10.593 0.075926 17.533 23.8261 1.0 0.9991 52.8 4.693 0.2404 57.0 1.853 -10.42 4.529 4.633 True
4_2436184 70.2293 68.7774 9.1366 8.4735 17.6101 8428.4512 19.225 0.40123 10.3533 31.4836 1.0 1.0 43.02 -3.485 1.098 37.21 4.842 -1.357 4.348 4.384 True
4_2478597 72.3384 64.8256 13.2302 8.5088 21.739 3879.5005 15.866 0.13735 2.2826 33.512 1.0 0.9994 11.94 -0.2048 -0.9903 42.94 10.9 8.125 4.273 4.457 True
4_2536598 78.2757 78.1109 10.5941 10.4655 21.0596 257.9168 8.0834 0.19828 23.5276 17.8068 0.9999 1.0 41.38 -9.596 4.377 44.1 11.38 -2.979 4.202 4.204 True
4_2568417 84.3856 73.5389 15.1443 9.4673 24.6116 4725.9678 18.058 0.075168 0.0 17.767 1.0 0.9999 5.207 -0.0 -0.0 37.43 5.357 2.939 4.082 4.276 True
4_2635849 56.2288 32.606 9.429 8.0766 17.5056 152.7884 7590.0 0.99993 14.6116 38.6596 0.9921 0.9941 2.178 -1.426 -1.216 12.32 -15.34 0.01301 4.704 6.698 False
4_2651932 34.275 30.6115 6.7073 3.0039 9.7112 12.1542 5.1613 0.86548 87.184 308.7136 0.9987 0.9229 91.6 8.296 21.52 179.7 60.38 -19.18 6.176 6.726 True
4_2683026 39.5256 39.3337 4.0186 3.9176 7.9362 5385.5732 27.33 0.87281 71.9783 32.7154 1.0 0.9999 184.3 21.8 0.7396 145.9 -74.32 4.295 5.705 5.725 True
4_2749693 85.6915 81.2975 14.0044 11.5274 25.5318 42.0601 5.6429 0.10565 1.5178 10.7757 1.0 1.0 11.24 0.3182 0.6614 32.91 -2.234 0.2966 4.082 4.149 True
4_2781456 46.0818 42.853 6.8872 4.6753 11.5625 12104.0723 14.999 0.38095 46.0813 46.8838 0.9995 0.9998 98.79 -0.8731 8.874 80.31 18.95 -4.321 5.172 5.411 True
4_2844998 94.4579 92.274 12.6864 11.762 24.4484 1879.3606 14.426 0.064293 4.2589 9.7807 1.0 1.0 16.5 -0.1034 -0.3957 24.09 0.9932 -2.255 3.999 4.026 True
4_2889046 65.6557 63.5972 8.7094 7.7382 16.4476 12025.585 17.673 0.19173 36.907 9.6921 0.9998 1.0 45.43 -14.32 5.256 42.91 11.99 0.05715 4.446 4.508 True
4_2917564 72.2406 70.0326 9.5658 8.4205 17.9863 12512.6533 19.639 0.258 18.2175 15.2515 1.0 1.0 30.95 4.676 1.383 48.71 6.365 1.051 4.306 4.361 True
4_2936752 108.8022 108.0384 14.1746 14.0145 28.1891 593.9282 11.989 0.033835 0.0 0.0 1.0 1.0 6.038 0.0 0.0 6.06 0.05785 0.0 3.881 3.887 True
4_2938192 75.089 71.3406 10.7898 8.938 19.727800000000002 6751.7998 17.26 0.15908 23.4887 20.1908 0.9998 0.9999 26.82 8.539 -5.708 36.92 12.52 3.879 4.245 4.327 True
4_3051320 62.8008 54.912 14.71 7.974 22.684 88.7493 6.2348 0.14858 0.0 19.0784 1.0 0.9999 9.22 0.0 0.0 84.18 -5.805 4.027 4.472 4.736 True
4_3053216 84.9771 80.1078 12.3767 10.1294 22.5061 7742.0845 19.398 0.084129 12.9687 7.444 0.9998 0.9999 14.53 1.883 -5.699 26.05 0.3201 2.942 4.097 4.175 True
4_3066146 90.2012 87.5714 12.1728 11.0738 23.2466 3429.1719 16.177 0.080664 5.4968 16.1666 1.0 0.9999 18.77 -1.441 1.48 31.29 0.1403 -3.453 4.043 4.078 True
4_3102409 53.9613 50.7412 7.9082 6.0111 13.9193 2641.2954 10.459 0.16147 38.0622 55.5899 0.9999 1.0 80.56 -1.025 4.753 102.1 -4.686 0.6317 4.794 4.953 True
4_3110436 82.5812 82.1905 10.3333 10.1346 20.4679 8558.8232 19.029 0.18102 9.1968 25.8059 0.9999 0.9999 32.22 -1.176 -3.184 24.17 -9.267 4.327 4.145 4.152 True
4_3133764 40.5253 37.3743 6.179 3.7047 9.883700000000001 4611.791 9.5253 0.25043 74.5237 110.8252 0.9983 0.9854 122.4 12.43 -17.1 126.4 10.53 -34.04 5.556 5.885 True
4_3184380 80.3067 80.0933 9.9539 9.8261 19.78 7645.8579 17.919 0.16375 9.5502 26.1429 0.9999 0.9995 29.99 1.139 2.841 40.44 7.859 -8.354 4.179 4.183 True
4_3191006 84.0433 83.2322 10.8294 10.4645 21.2939 3259.7083 14.926 0.061957 12.2018 10.9632 1.0 0.9999 30.46 5.047 -0.7691 30.45 1.735 -4.217 4.123 4.135 True
4_3199104 36.6426 30.9344 7.8803 3.4616 11.341899999999999 9463.0781 24.861 0.76292 26.6752 234.6355 0.9746 0.4688 5.992 3.426 -1.462 117.2 7.316 -29.38 5.896 6.781 True
4_3262080 62.0019 61.9066 7.7199 7.6386 15.3585 1036.9585 9.2557 0.24823 21.528 20.2184 0.9999 0.9999 72.12 2.615 -4.793 64.15 -6.904 4.367 4.554 4.557 True
4_3322098 35.1005 34.9639 3.1451 3.0749 6.22 9735.7266 8.3557 0.26821 98.6302 119.1605 0.9986 0.9546 210.9 -23.06 15.86 83.32 -2.138 56.25 6.17 6.191 True
4_3337304 80.1825 68.2281 15.7811 9.0869 24.868000000000002 9908.3428 22.791 0.22202 0.0 31.1408 1.0 1.0 4.96 0.0 0.0 29.61 -8.927 0.2157 4.13 4.374 True
4_3374487 72.6638 65.7965 12.5085 8.2908 20.799300000000002 6578.0811 17.566 0.13254 8.0132 24.0944 1.0 0.9995 15.02 -3.641 -0.142 51.93 3.798 -7.021 4.271 4.442 True
4_3415676 51.294 49.9953 6.1833 5.6733 11.8566 9734.377 13.227 0.21629 12.5621 40.1422 1.0 0.9997 82.26 -3.509 2.508 70.15 2.873 -4.555 4.934 4.999 True
4_3420346 61.0195 56.9348 10.2507 7.6895 17.9402 135.7898 6.1711 0.24642 10.1918 27.0579 1.0 1.0 60.3 1.558 -4.113 93.26 17.91 -2.316 4.546 4.687 True
4_3461970 110.723 85.0692 19.9555 11.473 31.4285 10037.0732 26.151 0.070665 0.0 9.8299 1.0 1.0 3.853 0.0 0.0 16.0 3.291 -0.1947 3.83 4.091 True
4_3519295 37.7678 37.7038 3.649 3.6022 7.2512 3696.365 9.2702 0.53915 59.932 62.2195 0.9999 0.9998 217.8 -2.275 4.683 106.1 45.72 6.95 5.876 5.883 True
4_3544886 98.2274 97.824 12.6229 12.4115 25.034399999999998 2253.9768 15.498 0.11377 3.8188 7.2898 1.0 1.0 12.79 0.3266 -0.2949 16.09 -2.771 2.6 3.968 3.972 True
4_3594975 46.1032 45.9384 4.7505 4.6544 9.4049 9598.7627 11.152 0.23115 80.2967 78.124 1.0 0.9986 122.7 -15.29 1.267 129.6 8.304 -13.32 5.225 5.239 True
4_3627309 35.9892 34.774 3.8792 3.0979 6.9771 4104.0352 11.833 0.6858 84.5569 74.9782 0.999 0.9996 194.6 19.4 -13.16 181.4 21.39 8.509 6.029 6.2 True
4_3640680 92.9088 92.5316 14.105 13.9414 28.0464 10.7043 3.8948 0.020795 0.0 1.5967 1.0 1.0 10.64 0.0 -0.0 11.01 0.3857 -0.761 4.008 4.012 True
4_3658430 36.2563 35.9837 3.2719 3.1152 6.3871 2789.3513 28.138 0.92066 133.2482 81.2815 0.9937 0.643 124.3 8.084 -26.95 55.84 -30.04 -18.62 6.03 6.086 True
4_3661538 82.9333 82.8329 10.3039 10.2261 20.53 9284.9805 20.183 0.26512 11.0698 15.9241 1.0 1.0 26.88 3.524 1.164 27.09 -4.342 0.7055 4.141 4.143 True
4_3670090 42.8441 42.5205 4.6359 4.4582 9.094100000000001 3233.3508 10.484 0.5292 72.5883 24.7683 0.9985 0.9996 159.2 -15.06 18.87 89.38 -33.05 -7.847 5.431 5.461 True
4_3738057 73.2269 61.1827 16.3897 8.6682 25.057900000000004 5013.7188 18.781 0.17182 0.0 25.6129 1.0 1.0 5.249 0.0 0.0 40.94 8.213 1.786 4.236 4.532 True
4_3744707 43.0829 29.7541 8.7255 3.0221 11.7476 10563.834 26.241 0.77096 17.8471 157.1583 0.9977 0.981 5.248 -1.918 0.3508 93.89 -1.738 5.251 5.338 6.765 True
4_3746447 64.8223 63.1899 8.9645 8.0645 17.029 558.4757 8.6727 0.27658 19.7401 31.3128 0.9999 0.9992 68.93 3.924 -5.621 71.34 -6.449 14.7 4.464 4.515 True
4_3754566 41.7599 39.1943 5.7199 4.0882 9.8081 10492.4033 12.761 0.37617 29.175 90.5994 0.9995 0.9962 108.9 -5.764 -8.738 88.58 -20.15 15.57 5.469 5.707 True
4_3786166 44.8976 40.5853 8.1361 4.5832 12.7193 7728.2842 12.401 0.07678 25.2926 54.3992 0.9997 0.996 62.92 -6.73 -7.76 88.6 1.667 -13.27 5.224 5.567 True
4_3832349 140.388 139.9251 15.0134 14.9386 29.951999999999998 5174.2686 21.609 0.025882 0.0 0.0 1.0 1.0 4.357 0.0 0.0 4.317 -0.06904 -0.0 3.725 3.727 True
4_3848318 130.9082 116.7483 16.2383 13.9853 30.223599999999998 3277.9849 19.351 0.018848 0.0 0.0 1.0 1.0 4.573 0.0 -0.0 4.828 -0.06989 0.0 3.748 3.836 True
4_3879378 36.4162 35.3644 3.7328 3.151 6.8838 6542.1982 7.7655 0.15448 45.2142 78.4649 0.9995 0.9977 161.8 4.515 7.473 126.1 -6.475 -11.05 5.989 6.129 True
4_3924625 58.8009 58.6892 6.9063 6.8283 13.7346 10194.7725 14.641 0.15625 14.4957 52.5802 1.0 0.9974 77.58 -5.163 -1.688 40.04 20.62 -17.51 4.655 4.66 True
4_3952262 59.6864 56.6086 8.5055 6.7511 15.256599999999999 10893.8018 19.862 0.4811 27.1369 22.7619 0.9993 1.0 57.42 0.8482 10.79 65.82 7.465 0.06967 4.599 4.721 True
4_3981585 98.3534 96.64 13.2472 12.5037 25.7509 1015.2693 12.893 0.085234 6.6689 4.9145 1.0 1.0 8.94 1.827 1.076 18.95 0.5804 0.6297 3.963 3.981 True
4_3983289 43.2737 41.8768 5.2722 4.4901 9.7623 1931.6807 12.239 0.67205 34.938 58.6662 0.9995 1.0 147.4 -4.215 10.41 173.9 22.04 3.064 5.379 5.496 True
4_3998125 58.8507 58.3889 7.0037 6.7627 13.7664 11580.0859 15.46 0.21416 71.3544 34.6577 0.9949 0.9993 80.36 5.472 26.13 42.92 12.21 9.258 4.651 4.67 True
